CASRN,LD50_svm_mordred
23233-88-7,-0.28481005390520453
87-12-7,0.3719386980432135
15435-29-7,-0.2018643607348939
629-03-8,0.5355907750222576
488-41-5,0.6807670944867005
26846-51-5,0.558740768997454
1324-11-4,0.7506837922405813
4228-97-1,-1.2865482535076858
41035-29-4,-1.8710974974865473
87-10-5,0.0981795579295035
21466-07-9,0.07478410838538951
63333-35-7,-1.054679376112447
57729-86-9,-1.4853470904067168
118-79-6,-0.32406210673151825
25333-96-4,-0.004057801356190827
1689-99-2,-0.38831043086223316
3562-84-3,-0.10997924294682049
611-75-6,-0.11241398784525725
3296-90-0,0.19419444923596307
13181-17-4,0.04599031803546838
615-58-7,0.317578334812182
6609-53-6,-1.3759249566574632
53615-23-9,-1.8019053647537646
89427-28-1,-2.165520028588065
89427-33-8,-1.9096027746017339
14689-56-6,-1.9282359017256978
3393-60-0,-1.685173494969865
89427-29-2,-1.9051876417698876
15287-51-1,-0.55069417058693
94847-66-2,-0.3802178395611392
2034-22-2,-0.10209605581113279
50585-41-6,-1.2382608364663121
3322-93-8,0.04146094478677975
7682-32-8,-1.7752023578907066
89427-35-0,-1.9592897822316817
126-72-7,0.1971791171827454
2338-30-9,-1.8116485775490485
608-71-9,-0.07612882025621537
3674-13-3,0.14212215151609398
78-75-1,0.5459411612381079
89427-38-3,-1.4438722293907276
10474-14-3,0.5387421282068472
300-76-5,-0.6623986999609685
2872-96-0,-0.7531867123485488
106-93-4,-0.08480677393419878
1947-58-6,0.3641502739596266
96-13-9,-0.061959526362218464
96-12-8,0.11945531043932345
18791-02-1,0.05381116983071177
75-81-0,0.566556582341808
590-12-5,-0.37398995957225634
14689-59-9,-1.9536809505062105
79-27-6,0.20101037261711407
63867-08-3,0.8503422829266156
64047-47-8,0.6958682922949646
63938-47-6,-0.020230430690827195
613-53-6,0.17029862230298215
115-17-3,0.6112656975352688
75-25-2,-0.05275192837342724
42136-31-2,-0.6582732741232888
64050-72-2,-0.3093181818881007
42136-30-1,-0.18131661174674552
26637-71-8,1.2729321621003193
69094-18-4,0.31542240479443273
74-95-3,0.35946674629984177
3252-43-5,-0.11281205086545909
598-91-4,-0.26058566627808943
124-48-1,0.628276619856458
25497-30-7,0.959055273184558
473-49-4,0.11081985889611456
117900-35-3,0.6634082396480708
4460-32-6,-0.3012977973546448
2260-08-4,0.7988457198727816
386-17-4,0.5449876963399526
67-30-1,1.1704378277430947
16423-68-0,-0.41249330033606935
59017-64-0,1.5374069499349545
7246-21-1,0.3389740327129254
96-84-4,0.9809876941113971
59939-17-2,0.9706281881680319
16034-77-8,1.166904199190172
22730-89-8,0.4234063878328044
3115-05-7,0.6391126467435783
19403-92-0,-0.14680953814479059
3861-47-0,0.5607217583907433
57808-65-8,0.10131054650829863
577-91-3,0.153576417087657
14689-57-7,-1.029396527466731
17601-49-9,0.838227616533092
1746-25-4,-0.40621507257103207
29717-26-8,0.04117757890058249
75-47-8,0.910036535014983
9004-95-9,0.9122204357019383
63869-27-2,-1.0542338873570585
3247-33-4,-1.826921413495206
70682-61-0,1.321912867591375
301-13-3,1.298431724275867
78-42-2,1.3437495256489507
15458-87-4,0.193445198698791
105084-66-0,0.03109521057802256
13080-06-3,0.9039646910525563
63869-22-7,-0.8685535064340386
139-60-6,0.5683251143094245
34206-40-1,-0.2473144662176674
23505-41-1,-0.4565272064724758
3857-80-5,0.17182044670880936
3687-16-9,0.2808852024004642
68289-21-4,0.3540571075595519
4559-86-8,1.474977183821379
1941-30-6,0.4507157593881074
106-20-7,0.659199449127198
10143-60-9,1.277161305030977
19074-24-9,1.6235716027843563
103-23-1,1.4697607996426574
117-81-7,1.8140612100761362
3658-48-8,1.142058682035311
298-07-7,1.150331716397845
63449-80-9,0.6544318803623996
7425-14-1,1.5787232143063086
18268-70-7,1.2432384758832655
94-28-0,1.3465004371377
3282-85-7,1.1396266303731235
7790-07-0,1.1105547784291683
25724-60-1,1.0676044274570922
10022-60-3,1.4066485277799794
468-61-1,0.5310719196465647
4551-59-1,0.3544378653092046
57647-13-9,0.6652964659291608
27591-69-1,0.8209873114241222
589-32-2,0.19960879249770358
78-53-5,-0.8114170529211959
115-79-7,0.12842911441288274
122-31-6,1.2581439570325748
78-10-4,1.5109812776849738
17356-42-2,-2.0559431856694146
3689-24-5,-0.7551727352915519
563-12-2,-1.860948865745291
78-07-9,1.6438520756931951
20395-17-9,-2.227464442659266
18300-10-2,-2.287509056392394
2667-40-5,-0.9902344927522875
55134-13-9,-0.6590766053465038
33446-90-1,1.3198448186927614
27879-29-4,0.5445470998851014
55934-93-5,1.304827648873359
52030-05-4,1.0617945472919397
74051-80-2,0.7222430122634504
2224-33-1,-0.1472665190007757
77-90-7,1.6115226780670127
21327-31-1,-1.0786989997749
5826-91-5,-0.4911221610883838
22787-59-3,-1.6829673325310406
22787-58-2,-1.4304354672877948
5675-57-0,-0.9378075228222391
3730-54-9,0.15989760855296442
655-35-6,0.5043379763814024
77-89-4,1.4320504865695383
70833-40-8,1.0402513577892236
67239-04-7,1.5315922218168798
2595-54-2,-0.6769369648831123
5137-55-3,0.7373520497722739
64036-99-3,-1.3318937627413772
26523-78-4,1.7995169778562037
68814-95-9,0.8390445748630833
538-23-8,1.6883404254049728
2528-38-3,1.2521129310071717
51249-05-9,0.13525428305818377
102-85-2,1.3081759106179942
126-73-8,1.0129222785328469
998-40-3,0.9132492427656541
115-78-6,-0.12015946147214807
33060-84-3,-0.10351474569781105
150-50-5,0.23979941059680254
78-48-8,-0.6516371708158437
60-01-5,1.2295796467015734
74125-01-2,-0.6664253041019916
1496-94-2,0.6727608709488073
21270-07-5,-0.043807489573418734
7346-61-4,0.899697469728886
63907-12-0,1.1387458293157806
1114-71-2,0.8057736540156426
64058-98-6,0.02417416925122784
64059-01-4,0.41273222099223283
13194-48-4,-0.7925027380603531
2511-15-1,-0.2651660701660269
90220-15-8,-0.42704663024014244
759-94-4,0.6388794249431371
23184-66-9,0.5931328924037285
51218-49-6,0.5449765984803804
109965-82-4,0.11585690798894654
92953-10-1,0.3645354423229523
17088-72-1,0.5828399940576235
35850-79-4,0.9845844333165261
3309-68-0,-1.2570086216281537
18109-81-4,0.6072795637387705
139-45-7,1.6933843636124344
38727-55-8,0.9553875483735792
51356-13-9,-0.910301417648304
33210-44-5,-0.004140137954684375
33210-40-1,-0.2552418127982944
33210-43-4,-0.06925726802967036
1912-26-1,0.6198686358475636
7779-27-3,0.7313526955229281
78816-48-5,0.3696495368112293
2941-55-1,0.5924914152578182
4740-11-8,0.17756975099835914
125-99-5,0.7090510542703393
5957-17-5,0.8424388242632357
2001-81-2,0.43690142401275084
56-37-1,0.3948537969821776
7789-92-6,1.4113920931560937
10140-99-5,0.6027756708836078
122-51-0,1.341582712989285
63869-26-1,-1.776585154228317
2425-25-4,-0.5796865417782834
5823-25-6,-0.35746239176991823
919-54-0,-0.7903242415432334
1067-47-6,1.1689836050860922
919-30-2,1.1552830163795265
14814-09-6,1.008907189594213
34708-08-2,0.47040915947656137
15129-36-9,0.7992612565319519
15267-95-5,1.2965626875323437
122-52-1,0.798228549401711
78-40-0,0.031405524185213585
78-38-6,0.5773622114806013
126-75-0,-1.1859814836622968
298-03-3,-0.5782418615874864
298-04-4,-1.2284729427646393
298-02-2,-1.3279121681249269
1186-09-0,-0.6275224574378339
2524-09-6,-0.8100655862334407
2497-07-6,-1.354842786579316
2588-03-6,-1.163395981501864
2496-91-5,-1.319364552348601
4891-54-7,-1.0272693473193306
2497-06-5,-1.482266099807425
2511-11-7,-0.5047686271836884
2404-78-6,-0.9763604330865473
688-62-0,-0.3879115048203218
87310-56-3,0.6749275519751224
79451-10-8,-1.1333478256510645
66996-10-9,-1.165727642427807
55297-95-5,0.7089714406278258
3004-70-4,0.5482694413333432
53521-41-8,0.6793307431154275
139-88-8,0.8942179389483471
1912-25-0,0.8315071028660835
2275-18-5,-0.772335418243626
63873-23-4,-0.06719944699765246
78-52-4,-1.0609961540412112
63873-21-2,-0.40854449097551415
26818-53-1,0.47501192804826786
27891-14-1,0.74848194036453
36756-79-3,0.6582234288226693
19072-57-2,0.33142871012937164
27591-74-8,-0.20884178450749535
66734-13-2,0.27343653931368517
27778-88-7,0.2605301943692089
27778-86-5,0.2854806059839403
27778-84-3,0.24464991042212958
27778-80-9,0.30056275461095144
27778-82-1,-0.1223386578283906
27684-92-0,0.08271097714590114
26259-45-0,0.9117927242104145
40618-52-8,0.04228248080094499
69-05-6,0.010269794082964911
9050-04-8,-0.18905635132628018
60735-64-0,0.5791391826539427
24151-93-7,-0.5862504202815106
2109-64-0,1.0295873685846129
22457-23-4,0.8912705480492893
541-85-5,1.3478392616546775
14355-07-8,0.18035285056923744
14355-12-5,-0.2358309389637565
10024-78-9,0.5293214103238417
32838-28-1,0.9221480594415787
57-33-0,-0.0960356774198653
71-73-8,0.005902053735352242
871-22-7,1.2565550044490306
29122-60-9,0.19431188294217083
7286-69-3,0.04137693853758939
98886-44-3,-1.4923052668491068
125-64-4,0.5318626696038276
730-07-4,0.860240935355474
33499-11-5,0.8500244893639171
110429-62-4,0.4549826513787818
67050-64-0,0.21329205684451458
54-05-7,0.3214448695428217
1094-08-2,0.3598419231508661
30238-41-6,1.0653493050305993
64241-34-5,0.6496576088865929
33499-13-7,0.5541229747453293
63867-07-2,0.8990330092199814
4630-95-9,0.4856533126597036
66968-39-6,0.18660726494843166
105-57-7,1.5141900919655842
87820-88-0,0.6464445462360968
103890-78-4,1.0211946363784798
52-60-8,-0.9784965138293366
50765-89-4,-0.28891482180099914
15763-48-1,0.6208187932831737
22609-73-0,0.5558649771837738
88045-99-2,0.8761321275101279
17702-79-3,-0.27530255803472226
137-58-6,0.6196739734509487
333-40-4,-0.4052098861741579
31775-20-9,0.8021408831235963
105779-78-0,0.2559821920600778
23191-75-5,0.3876672387522583
88045-98-1,0.9099558658373608
57470-78-7,0.5439098914662657
68227-46-3,0.4507594805321168
5221-49-8,-0.79077019555474
21409-78-9,-1.2985559068150838
40374-14-9,-0.6089376416738967
29232-93-7,-0.6089547595794951
13171-21-6,-0.9582178498462306
73521-00-3,-0.2603641772326385
73512-92-2,-0.13944933588802533
73520-99-7,-0.3356976669589963
128606-48-4,-0.6618988714757011
57846-34-1,-0.39168109674375795
74639-40-0,0.08921643824423542
1716-09-2,-0.7896940868438048
14143-09-0,-1.185441871874878
10097-26-4,1.3923857522237504
105-16-8,0.8836657368265463
1918-08-7,0.6151442712036783
14663-66-2,-0.5547526380204655
14663-67-3,-0.7038850181072589
10137-90-3,1.281321978827697
78193-97-2,0.4995163477717436
58458-55-2,0.9939007594168945
103-09-3,1.5726678054645227
23947-60-6,0.888687317319779
6946-94-7,1.300157233852055
274671-61-3,0.6713419330407508
2728-05-4,0.8176085457913165
134-62-3,0.903067290968408
52406-01-6,0.13781406371487126
953-32-2,-0.6612143566058742
60090-47-3,0.8169233118078132
15386-51-3,0.26678969291280563
2728-04-3,0.9400909571466224
299-45-6,-1.0287787660049472
2425-15-2,-1.0454901569184862
51356-23-1,-1.0687328977436685
51356-21-9,-0.8381249902792606
3099-88-5,-0.6061248349683566
1942-78-5,-0.5469033969778385
108-35-0,-0.8779189878430902
15421-84-8,0.3799322530011112
51356-11-7,-1.28445422514314
51356-09-3,-1.1378172492846366
22439-40-3,-0.9353155616982736
5633-16-9,0.3647915422937068
26662-09-9,-1.4882843909524324
63979-26-0,0.654117361451177
2544-52-7,-1.5891735773854334
120-95-6,0.8619782073650651
51959-14-9,0.2600992436171161
79-74-3,0.709890250584323
10508-09-5,1.2809497275201784
329-21-5,-0.18001174338658976
7795-74-6,-0.3416642402264253
69784-43-6,0.08409452513326698
55285-14-8,-0.3543623943933504
3489-84-7,0.7077393802488812
3734-95-0,-0.7172416202792942
129927-33-9,0.7271910382746769
72590-77-3,0.2211157967552015
13472-08-7,0.03797197210615688
78-66-0,0.651254003534883
1338-23-4,0.9840967530992182
154619-86-0,-1.2400091089986804
154619-76-8,-1.4445569730003958
4268-36-4,0.7139194896043317
5340-36-3,1.3340110545120876
33236-05-4,0.061175124555615135
33210-49-0,-0.1367498814516006
17091-21-3,0.7965854805367838
82560-06-3,0.35689862183057564
77-74-7,1.4368744388199421
55937-99-0,0.7557777441840441
1081-95-4,-2.40698521577408
103446-98-6,0.34969489805882414
30087-47-9,0.17244163848946137
40373-31-7,-0.34718295850887737
2631-26-7,0.03166389345506815
3772-48-3,-1.1769158376116544
1474-80-2,-1.7099597411620815
28616-48-0,-1.5817915173898651
55769-64-7,0.6755882569054137
89591-51-5,0.5564540953275936
63580-68-7,-1.3486295241941164
60244-63-5,-1.0948126838126417
60244-60-2,-1.2895004760236968
63039-90-7,0.07414042438244084
18886-42-5,0.03571282083121752
37686-84-3,-0.44979729825454373
63717-17-9,-0.145591103040014
57647-36-6,0.5181107386261601
104907-82-6,1.0876492282161425
76597-98-3,-0.2537501782911048
513-10-0,-1.1708132585488378
107-64-2,0.9692079497560018
68391-05-9,0.7862505796737942
7173-51-5,0.43606809081991504
37335-68-5,0.16357481487821562
124-03-8,0.2249119565385711
6458-13-5,0.18820973797880036
70206-24-5,0.460848250898189
53-46-3,0.028358703734091217
50-10-2,0.5007736305522306
24789-78-4,0.3184273374310135
3700-98-9,0.04960323544544365
3700-97-8,-0.14293406613456727
63917-07-7,-0.35731657682719564
38260-54-7,-0.6059094152785021
2830-87-7,-0.1888479704622531
21410-51-5,-0.5836284167965776
1634-78-2,-0.4033610290039652
121-75-5,-0.03147127789824178
18300-07-7,-1.3909633405005843
3344-12-5,-0.45790538022486793
51012-33-0,0.7174616226218031
4104-03-4,-1.046498850440977
15972-60-8,0.6456025516734746
117666-91-8,0.6013778316867375
117683-18-8,0.6468543773686306
90220-16-9,-0.3512312382489129
673-04-1,0.7442934838735794
64-96-0,0.3961136905334698
109410-00-6,0.1952423002061524
364-62-5,0.3678790459187491
4093-35-0,0.19475311200063405
19351-21-4,0.7766709130476296
304-84-7,0.6393848099039905
19351-20-3,0.6186468556220819
55619-22-2,0.7094217033700793
919-53-9,-0.7596358139422158
90245-33-3,-0.5275583174591378
22082-34-4,-0.8357555268822866
78-62-6,1.5328042931072847
1067-99-8,1.0938099201962719
999-34-8,-0.022436379876139
90220-14-7,-0.4897890006988609
996-04-3,-0.7625091041705954
996-05-4,-0.7171230439368937
63906-39-8,-1.2485440901002125
32744-43-7,-0.6261773388898028
7292-16-2,-0.41150629921317916
1014-70-6,0.3983623534704691
21923-23-9,-0.8673704541150388
2404-05-9,-0.5073513710578877
51528-03-1,-0.12584353529752335
3254-62-4,-0.8646224007476256
115-90-2,-1.1622168208491908
6587-45-7,-0.9474746474050171
6132-17-8,-1.2293770461438136
101526-62-9,0.6398073145466405
109-66-0,2.1438231399670418
110-54-3,1.3073457768558792
84-76-4,1.918257419636861
50602-85-2,0.6594456058346801
119-07-3,1.8598325269987677
123-79-5,1.4748928979126656
1639-66-3,1.2400752905305858
2915-53-9,1.6909365833190853
117-84-0,1.8826875844415616
70729-68-9,1.3441291776780977
110-32-7,1.1869033154689763
10058-20-5,1.093128114276761
3006-15-3,1.1896108920387363
84-75-3,1.7315483036627008
2050-92-2,0.7031679085752942
13256-06-9,0.7481161650993474
3913-02-8,1.2744521413548213
17810-51-4,-0.19511289032920176
21270-08-6,-0.11547439828235517
123-95-5,1.687000258492403
111-92-2,0.5807119642377394
109-46-6,0.5503603839130518
102-83-0,0.28967619070432704
36167-63-2,-0.21151806876913548
102-81-8,0.9285410140460478
102207-73-8,0.7543840364228875
119-48-2,0.7953272280990776
51861-34-8,0.6925767096269642
924-16-3,0.7880913938011955
127-59-3,0.8262313914910133
142-96-1,1.2926542094673554
112-48-1,1.275265120352655
112-98-1,1.1657047128355171
141-17-3,1.2721200177088825
16672-39-2,1.1758505187004769
141-03-7,1.6648067925013215
85-70-1,1.5392345730266053
4056-77-3,1.4027434301405728
84-74-2,1.5445652985280327
7483-25-2,1.5742714355264253
4092-75-5,0.5154624023412293
1809-19-4,1.0928495223973531
130525-77-8,0.615456184193228
2528-36-1,0.2679678415837703
544-40-1,1.7338138184167926
51-03-6,0.9043671898902653
2430-27-5,1.1669129115291599
123-19-3,1.522470746613633
74550-96-2,0.5050681777614031
106-31-0,1.5163766070139344
132-82-1,1.5282685575954882
105-66-8,1.5728824255537126
142-84-7,0.658175829900419
99247-33-3,1.0008648016234187
52888-80-9,0.6448041375172225
91893-38-8,-0.03664564202891818
57-66-9,0.9126809517420855
925-15-5,1.6729160852400962
136-45-8,0.8670243113017563
16066-38-9,1.2790628199480472
104-75-6,0.5773033802358831
10137-80-1,0.7717860622412563
113-48-4,0.7849946350913832
104-76-7,1.239386129041045
5397-31-9,0.6966462379948533
10213-75-9,1.0185271611293807
4126-58-3,1.2712615785695995
1559-35-9,1.2224205581206058
2461-15-6,1.2621198642144664
103-44-6,1.420681664785712
21270-19-9,-0.15446644542706756
17751-71-2,-0.24320484072621962
17751-73-4,-0.15427007383158065
17751-72-3,-0.12039050087345582
17810-52-5,-0.16783223144157844
17751-68-7,-0.22497582959757778
21270-00-8,-0.013555765882032889
21270-16-6,-0.03595677600145075
21270-12-2,-0.0571065981689608
21270-02-0,-0.1731092543146473
21270-03-1,-0.29962094516849413
1928-43-4,0.49189252167313535
1928-47-8,0.2053732378323262
7659-86-1,0.8882600317667804
103-11-7,1.2723148684640933
5444-75-7,1.5235228732391277
4376-20-9,1.3356897824724305
18750-05-5,1.4505463613746952
4248-21-9,0.9695769318588977
24468-13-1,1.0886815284011142
68037-57-0,2.2088673372083822
1070-03-7,0.9477140302469202
126-92-1,0.7168173639783489
123-04-6,1.4513354398361675
63834-30-0,1.3257588834108627
149-57-5,1.4579947833280045
94-04-2,1.3708654577382096
589-82-2,1.3495722085431363
10138-47-3,1.3710413734578115
10138-87-1,1.2811676821281948
94-96-2,1.4170165423430707
10140-93-9,-0.02595723143107065
7492-37-7,1.1254317911135665
106-35-4,1.4436116553502494
645-62-5,1.4101198073676668
5309-52-4,1.4184099304544584
6187-24-2,0.8631909843317263
1471-51-8,0.5501138053147634
126-93-2,0.5289351217032439
13360-63-9,0.6469623625553127
1861-40-1,0.6756537010232453
91893-68-4,-0.20584204369609693
68439-49-6,1.4687962294451986
15523-43-0,1.109888424101325
628-81-9,1.3927816775160047
4413-13-2,1.4493387604296422
33236-04-3,0.29820747598456787
106-32-1,1.5706236359654202
79714-31-1,0.4543583420291819
3570-46-5,0.6832068489700509
64058-22-6,0.2082689672707711
105-54-4,1.6404283496053087
101205-02-1,0.5164658086087841
40626-35-5,-0.5516315793464523
89784-60-1,-0.9040855572330159
38527-91-2,-0.8170345741928309
38524-82-2,-0.6702568402983815
34643-46-4,-0.6486170015947733
24017-17-2,-0.8630448869840792
18596-67-3,-0.7388958750755558
617-79-8,0.5427807611679998
97-95-0,1.229493215123247
10232-91-4,1.0112247180930767
10213-74-8,1.3290570453236858
4468-93-3,1.315829133312402
63907-07-3,0.6442580489943047
3953-10-4,1.1224691680374894
97-96-1,1.439403495266419
19962-50-6,0.6651709383308428
88-09-5,1.4258127339375903
4189-10-0,0.8576998350648991
584-02-1,1.3255740913287655
101952-86-7,0.6861265377191952
96-22-0,1.3866331049263345
72-56-0,0.8403997609618334
579-66-8,0.6225566379624694
38725-95-0,0.7389426313749571
522-40-7,0.6045185652486171
123-62-6,1.4079113046915892
5837-63-8,1.4467664919620002
41340-25-4,0.1039253186523641
136572-09-3,-0.505447532961188
105-37-3,1.6405308360636046
512-48-1,0.8476254485312877
702-54-5,0.12205630659178413
1085-91-2,0.2950646090530278
77-04-3,0.6314327493374388
80733-97-7,0.31214162766623943
23192-94-1,0.5461394647705387
99233-24-6,0.32383549263785794
33236-13-4,-0.07407913375617625
109-89-7,0.5891016982641859
105-55-5,0.27500742583339444
122-34-9,0.6043702414987745
104-78-9,0.7060976628833742
17074-44-1,-0.3226826791707049
27312-93-2,-0.06490021461581541
6009-67-2,0.21978636310904498
100-36-7,0.6535452906550887
3105-97-3,0.0817946805144888
17074-42-9,-0.359109850318282
51-06-9,0.7219650108708437
23205-22-3,0.40652569675119643
34341-24-7,0.13157025504233044
100-37-8,1.0202279485185257
63883-13-6,0.03357889827080085
53421-38-8,0.3713355387514718
911-45-5,0.57971367650742
2192-21-4,0.6469222225645568
2426-54-2,0.7994087017896208
31329-57-4,0.3909809338008089
34580-71-7,0.18693897318264385
1641-74-3,0.7357565485650845
2597-09-3,0.3091232805081937
57-37-4,0.8840221838420445
13352-70-0,-0.03000158890879412
3735-90-8,0.5209071166358847
3010-02-4,0.8248579669696706
102394-31-0,0.24542732597081318
67367-65-1,0.3279458496427521
2431-96-1,1.083175154137329
2315-36-8,0.4399636951946295
120-21-8,0.8589465616778549
2198-58-5,0.5313114661116088
5123-63-7,0.7227013151197823
17754-90-4,0.7745373132472214
25953-06-4,0.7008586300540504
1696-17-9,0.8901921383339458
19311-91-2,0.8714425106301406
63886-92-0,0.8020443390741517
63887-51-4,0.6594367484243207
32773-96-9,0.9354012310883975
101152-94-7,0.36514966347940314
14052-72-3,0.2173466854348316
28249-77-6,0.46795121769739667
95-06-7,0.3110830370647345
95-30-7,0.8339989323546347
1331-27-7,0.704462484699537
13056-98-9,0.27373073227814015
21600-43-1,0.05485454438569648
55-18-5,0.4389709256140839
6794-94-1,0.21602508207147708
1709-50-8,0.6207598924827582
36014-71-8,-0.6813449419328664
1050-48-2,0.7036019812050908
60-29-7,1.617713645416925
629-14-1,1.6159462687355073
112-36-7,1.5982962820896471
763-69-9,1.6734043546987198
110-40-7,1.5472316075907677
123-25-1,1.4858481587952452
27292-19-9,0.7936563661600371
22125-35-5,0.5731072637055453
59894-95-0,0.21364551618770422
73090-70-7,0.4282527181541524
98318-25-3,0.824475734320635
84-66-2,1.238484173503524
1609-47-8,0.5200367384050882
502-55-6,0.3200397748227215
1851-77-0,0.4102417429026304
1851-71-4,0.2558473221373144
6485-91-2,1.0346682774261264
762-04-9,0.82799330469343
999-01-9,0.4517524748155175
10419-79-1,-0.1622785540094327
75889-62-2,-0.09615335407781012
679-36-7,-1.4516126134665228
21548-32-3,-1.2932953797157014
333-29-9,-1.8293464995079383
1516-67-2,-0.8847630317092015
5131-24-8,-0.2228348489502614
64050-52-8,-0.33245601824391513
311-47-7,-0.5212167781561138
38331-02-1,-0.8792761840388564
14984-58-8,-0.8336678542422469
311-45-5,-1.294603774729783
897-83-6,-0.9307285923459131
2701-86-2,-0.3046321363170331
33399-00-7,-0.8136724423195294
2667-41-6,-0.15017917001543313
60971-95-1,-0.5392577707247584
5598-15-2,-0.7977434813815057
1491-41-4,0.2310014202561148
16499-75-5,-1.7726492090742125
3734-92-7,-0.7614256742819879
51376-77-3,-1.2683329127896312
14734-96-4,-0.8766128813866629
1885-95-6,-0.6507442697848044
1885-98-9,-0.6696501701860859
5954-10-9,-0.1821817081404593
54593-83-8,0.076619919136242
33841-12-2,-0.9286136218462159
3735-01-1,-0.7870851044351488
84197-34-2,-1.1066377376147178
84197-35-3,-0.9376950661709489
39624-86-7,-1.3535901896559537
29689-00-7,-0.9435433454430221
6012-87-9,-0.9718676311351285
97-17-6,-0.6087320695783536
1224-63-1,-0.20460328705882347
4824-78-6,-0.7270030279812986
7533-79-1,-0.4861212925484033
4935-28-8,-0.5343440963848974
297-97-2,-0.8468693129783553
13593-03-8,-0.915929859151026
18854-01-8,-0.6749965494354083
2921-88-2,-0.25761251196503765
24017-47-8,-0.5896503372692616
14816-18-3,-0.9180140394397254
2668-92-0,-0.216047359058689
16500-53-1,-1.0076401708606522
13286-40-3,-0.7441280318487655
2047-14-5,-0.31657866856746475
35461-10-0,-0.37858076370946736
16231-76-8,-0.4627403787552392
30725-71-4,-1.1785744631663508
2310-17-0,-0.7214819502409154
6119-96-6,-0.8834837459195839
51356-06-0,-1.1338757315858765
51356-15-1,-0.6990743436913771
51442-10-5,-0.7464892868011428
25923-97-1,-0.9400954456259817
3152-41-8,-0.891404349448887
2275-14-1,-0.8109262370931082
24934-91-6,-0.8408787082948681
6436-05-1,-0.5935754843669909
41219-31-2,-0.6985053071892173
3659-04-9,-0.9047703764663945
10312-20-6,-0.9844231417446024
38188-83-9,-1.325160326831904
5823-20-1,-0.5887980355116218
973-28-4,-0.5591041101185622
4681-36-1,-0.8428520196948237
63716-53-0,-0.7532476083708054
64-67-5,-0.2985675296521789
7305-61-5,0.9503363305170173
7776-66-1,0.07268157906992812
944-21-8,-0.5459653664131031
62421-46-9,-0.6818743072252191
1497-39-8,-0.7837281522326238
3563-52-8,-0.7670443578527962
1593-27-7,-0.6758492279796038
7260-35-7,-0.4083899553030902
327-98-0,-0.44193606538004293
24017-24-1,-1.052414670570741
18596-51-5,-0.7956851560947107
63869-31-8,-0.9823976395370633
597-88-6,-1.4329001531288497
352-93-2,1.263724315027181
18771-38-5,0.35850489638404104
34491-12-8,-1.2976442357395754
110-81-6,0.8674436791683316
70-29-1,1.6036272055856546
59865-13-3,-0.42692114689343597
17013-35-3,-0.10465818322046694
94-86-0,1.016779184282547
1264-72-8,-0.25036475231877064
108050-54-0,0.6107361505236388
80214-83-1,0.09078883964175877
81103-11-9,-0.004670209610140863
6683-17-6,-0.7520701467295926
4147-51-7,0.9067056043126189
7087-68-5,0.9935737533223554
5827-05-4,-0.8396670936712516
642-15-9,0.7357156165571226
1331-50-6,1.3300725078369977
131929-60-7,-0.42011821416818707
75443-99-1,-0.22568489318251572
2964-06-9,-0.06187105742710408
973-21-7,0.06187624816629922
54767-75-8,0.3359921635957386
121158-58-5,1.0455155816304176
34264-24-9,0.4681874282630776
31218-83-4,-0.6009199502798265
34381-68-5,0.7577333459426764
33857-23-7,-0.6975322342137473
78193-95-0,0.5213168394990026
108419-32-5,1.5210266020225536
26748-41-4,1.2359618297000194
82560-54-1,-0.7533694044049196
33236-08-7,0.37502282159884465
26685-57-4,0.06522765029756838
78-44-4,0.5840424997430442
115767-74-3,0.25803773093055804
51893-82-4,-0.5812295859552682
1610-17-9,0.7441823626145322
3853-74-5,-1.2103344986059004
834-12-8,0.8506409772795889
55837-18-8,0.7785595779857533
57-43-2,0.07337417533130552
64-43-7,-0.11713545654067214
37205-87-1,1.1087817893496448
16537-52-3,-1.0174226093930256
24838-84-4,-0.3157477455926805
21270-25-7,-0.06783456483496464
21270-04-2,-0.00749692530381163
97683-31-3,1.2637533074683052
1912-24-9,0.8659431775545228
3733-84-4,-0.13657226692218005
51162-51-7,-0.24581665614683956
328-04-1,-0.6563016706329013
29911-28-2,1.6267673203158473
91315-15-0,0.559050253263275
10031-58-0,-0.025336036330710243
477-32-7,-0.14405826742446703
1020-35-5,0.0024930140857524208
5633-25-0,0.030434570354231916
43033-72-3,0.11667592814640271
51218-45-2,0.6208678646405131
2307-68-8,0.6997876421793862
37172-05-7,0.8863247385191466
7319-47-3,0.052379460834540925
314-40-9,0.619628201454592
105-46-4,1.6357479465210596
50602-40-9,0.5730390256995047
5787-73-5,0.5937886351467463
2282-34-0,0.24475335468704684
2917-19-3,-0.12162238233901967
3766-81-2,0.014419757491145435
1225-25-8,0.7850595880903328
27778-78-5,0.19962039398180176
27684-90-8,-0.12900074729850164
35384-89-5,0.3845921074667156
24729-96-2,0.6695375847099299
561-78-4,0.24418263609871604
30238-40-5,0.9801364348378809
89396-94-1,1.2450267562971185
64050-87-9,0.4650303529052531
3614-30-0,0.5866057808409362
2753-45-9,0.4017415319161853
79985-89-0,0.21045988537070848
82586-52-5,0.7495527936338008
22791-12-4,-1.1406890467901016
70667-26-4,0.4298440722818757
7789-99-3,1.4179002002856325
106463-17-6,0.5718818900420545
57558-46-0,0.5441300758339063
33054-87-4,0.607650455666811
5389-12-8,-0.2088034823641003
105-30-6,1.2286742899975476
42615-29-2,0.9531769896746428
97-61-0,1.4290415925946887
76-73-3,-0.011716891091755888
309-43-3,-0.06786109360076886
66941-93-3,-0.2551189184388385
30677-46-4,0.426208692025978
623-40-5,0.6873501927814364
5131-66-8,1.6432492522763487
1569-01-3,1.715235423509378
81406-37-3,0.1961919477689752
99607-70-2,0.7489029633540687
3084-62-6,0.19449995948549093
541-95-7,1.214098528591339
120-62-7,0.39173392912235516
557-36-8,0.8894841830802487
96-17-3,1.3619676267247542
14765-30-1,1.4562386654403352
99-71-8,0.7499340138124757
89-72-5,0.9008450358640092
61005-12-7,0.3872175227304817
88-85-7,0.1636788173571072
61614-62-8,-0.5463903399370472
104-89-2,0.6416145688972418
96-29-7,0.5996220890474718
78-92-2,1.4574230553938197
17751-77-8,0.09103274509190407
21270-20-2,0.18501160928576166
21270-21-3,0.1600352194037603
21269-99-8,0.17726723782544584
21395-07-3,0.1016900077475893
513-53-1,1.6597610115758137
5412-64-6,0.5165092642133021
13717-04-9,0.405566612889065
99-79-6,0.5732371901189603
10402-53-6,0.1522861616468334
34067-03-3,0.1329495375194465
66941-53-5,0.1920239755823534
86371-40-6,-0.03238060132609144
130693-82-2,0.1941109968743741
29766-64-1,0.5998656401553095
63716-10-9,1.8056414597645143
1569-02-4,1.5420653984683277
1083-57-4,1.180450371332311
27205-24-9,1.1328954208877606
14631-45-9,0.751277233663859
7698-97-7,0.644931989179904
92454-60-9,0.7341037855045807
120-45-6,1.2823186852833124
10137-87-8,0.38793902092498234
54335-73-8,-0.7591692658280896
83435-67-0,0.19928609864745073
82586-55-8,0.6403847882125824
16118-49-3,0.7661221376936869
16378-22-6,0.019786255168399047
22212-55-1,0.89394017271501
97-64-3,1.5183278992731397
87237-48-7,0.5861365751103953
66441-23-4,0.38462993489758324
66441-11-0,0.3128859746977056
51-14-9,0.6812504271235857
50765-95-2,-0.2623668167694059
54406-48-3,0.7626160015921715
79-81-2,1.3262686187090127
106-29-6,1.6430668308123262
61750-69-4,1.012605157525923
53083-27-5,0.7720431396100289
19089-24-8,0.5730956029655236
70381-67-8,0.3681733819273937
17689-77-9,0.5072655787817317
97-41-6,1.135969770994993
64748-21-6,-0.07996112380439702
82163-55-1,0.1180026622756769
50765-88-3,-0.2912674963986367
90729-41-2,-0.3081154642520718
57846-36-3,-0.23989351057685449
39562-70-4,0.7113260510347398
638-10-8,1.4814978364098605
106700-29-2,0.6873042625478581
61792-11-8,1.174333391319404
24199-46-0,1.513607535302305
70381-28-1,0.755929448637151
132031-81-3,0.41438165300228036
80310-21-0,0.5020244368993547
56611-65-5,0.8306652962113202
13925-07-0,0.9671625100878682
70381-39-4,0.5364812358405284
149543-07-7,0.295764493576959
15911-11-2,0.8911551589993089
88-29-9,1.038663619473387
5957-75-5,0.40525076953104194
3763-77-7,0.6323042126396863
3568-56-7,-1.375615584112039
92065-18-4,-0.1231525271930235
13539-59-8,0.5928274168453364
2532-49-2,0.13516392760047768
78541-98-7,0.25164116537145964
55242-55-2,0.7837218765776348
87344-11-4,0.443168499669805
1399-80-0,0.19198295185009884
22345-47-7,-0.07344335197835505
82875-37-4,0.7654812262372033
6670-95-7,0.5805247209463338
33232-85-8,-0.3423519441780586
1942-80-9,-0.12152992241943195
73698-61-0,0.9477200671734559
134169-75-8,0.3521632473230554
57846-37-4,-0.2406946741174245
85365-53-3,0.2692254907423386
167004-78-6,-0.19754147696453983
92-09-1,0.7681210647547114
97-88-1,1.3459439497821526
25044-01-3,1.1240396166568045
20363-83-1,1.213528501787743
97-63-2,1.1221446991976167
53153-66-5,1.0374050044531078
1128-08-1,1.1951651456013543
821-55-6,1.5897278625750284
111-13-7,1.5191549484810185
110-43-0,1.5734026324119
591-78-6,1.4763775588260426
591-60-6,1.5273487693159327
59558-23-5,1.0915488718735014
2748-88-1,0.003440230202594541
64-77-7,0.7513751050015736
63992-49-4,1.0662332804939214
63992-50-7,1.0273949500142832
63989-86-6,1.0035369479262726
5736-70-9,0.939164981670984
1610-29-3,1.152271768791568
1147-62-2,0.7016421995078644
31143-55-2,0.9852262035440993
488-10-8,1.0258840625295977
1713-12-8,0.7310973784266124
26485-82-5,0.6355062111833973
70381-35-0,0.7341099715950581
88107-10-2,0.9234351551759905
112668-65-2,0.9257863312832327
112668-63-0,0.8185966766753193
81250-14-8,0.4572876313236458
112-14-1,1.6850194131854772
142-92-7,1.643970785376407
628-63-7,1.6735887641074911
14959-86-5,1.2947626494734112
39920-56-4,1.5632924196741698
123-86-4,1.6548173040008618
112-07-2,1.570203560999772
124-17-4,1.4892416801792017
2442-10-6,1.1951696306147483
66017-91-2,0.38788201787290416
20706-25-6,1.659366318334857
109-60-4,1.590934657014859
141-97-9,1.4840201561678539
122-82-7,1.1817335142178331
623-36-9,1.299683324237309
102-27-2,0.5742556550227464
148-69-6,0.7207189613863092
88881-65-6,0.6180764032125516
24441-47-2,-0.7757529001742904
65516-17-8,0.09012901618665126
104-90-5,0.8157454035901295
13360-64-0,0.8399329428157277
25646-77-9,0.7741141329209158
58066-96-9,0.7694124141585372
30086-84-1,0.81978400695461
10443-70-6,0.6558301137320486
25319-90-8,0.7469216972989944
21062-28-2,0.5117164862742258
634-55-9,0.8259423987413771
609-15-4,0.7538708619376109
25331-92-4,0.13809644337477756
15622-65-8,0.12073198480598968
15707-23-0,0.8360348271151263
70381-33-8,0.5005196513863717
600-14-6,1.2073184677173998
40054-69-1,0.45126892847699235
73839-77-7,0.578204019936434
74037-54-0,0.8961883907749568
17335-06-7,0.6791359878909632
52217-47-7,0.3303546445135185
62-44-2,0.968246728876661
73-66-5,0.9885808495752041
1897-96-7,0.5333984946036556
19387-91-8,0.5065174422895886
65986-80-3,0.4216784705129165
15862-11-0,0.7475936617376313
111-15-9,1.695682271810953
63843-89-0,1.1152334837423605
58243-85-9,0.4972434671971332
2984-66-9,-0.3171800262807245
886-50-0,0.5698307626021931
78168-93-1,0.20688505866168827
17751-75-6,-0.16524076712642288
21270-06-4,0.06902907360318222
51308-54-4,0.17577023614481724
66227-09-6,1.169534561967768
80763-10-6,1.2765870902803873
153233-91-1,0.37767033387022864
64529-56-2,0.42475546181125146
59652-29-8,0.8939829782658899
3398-69-4,0.5343324784642041
15942-48-0,-0.08888243303040344
65907-30-4,-0.7989998226587581
33213-82-0,0.19419179321981284
33210-47-8,-0.08196316037067941
55634-91-8,0.038603149953605254
994-05-8,1.5367542715156417
26225-79-6,0.4184133684697622
2370-13-0,0.8036584872947559
33236-02-1,0.041618978317566224
33236-09-8,-0.2154225099033772
33210-42-3,0.13778059025429867
33236-10-1,0.12373977817256054
33236-06-5,-0.015253819891322129
7287-36-7,0.6474998069702886
532-34-3,1.2125840887516546
92448-79-8,0.28884665933831605
16587-71-6,1.2495080298130992
59897-92-6,0.6546577063207255
80-46-6,0.8145812330081006
68505-69-1,0.40394024487976454
1113-10-6,0.33270539854703074
60559-98-0,0.08442304126466793
63956-90-1,0.4518157390131937
52963-60-7,0.24611932062704073
52963-61-8,-0.011683751861802483
21725-46-2,0.18127743578951927
1192-22-9,1.5022912256213528
1245-44-9,1.0950706511209527
36576-44-0,0.7735376346537883
57-85-2,1.0062591288222464
121652-76-4,-1.181095169410713
13764-49-3,-0.43204188683014866
59122-46-2,0.4841949929510385
57-53-4,0.7205363300937635
24089-00-7,1.0200231609179444
71548-68-0,0.5126745897627549
10415-87-9,0.9351841353595363
918-85-4,0.9702863601668972
4475-95-0,0.7521561898928063
33765-68-3,0.82694727631932
15336-82-0,0.3980486451072677
1565-75-9,1.09311139717428
77-83-8,0.9413251027720728
21715-46-8,0.19074465497652815
30043-49-3,-0.09478913284430546
110-68-9,0.4379031456235358
106358-91-2,-0.7560605074022229
54266-79-4,-0.8692906745549986
54266-78-3,-0.8252065353414002
150824-47-8,0.23842351453710575
29973-13-5,-0.035216826366495924
53380-22-6,-0.2736020928675583
53380-23-7,0.017750503017025077
64057-54-1,0.02613146443238068
2185-86-6,0.23912138775631542
112-75-4,0.5273547580138519
1920-05-4,0.4283368304056492
7378-99-6,0.7133222856861896
927-62-8,0.6707220710177507
486-17-9,0.25422420274019625
926-63-6,0.6057096507876846
25606-41-1,1.1665124006342213
54965-24-1,0.24911340064007365
3568-24-9,0.36674461713477857
598-56-1,0.694018905710913
64049-26-9,0.39039393696899816
5135-83-1,0.5877090582643811
19622-19-6,0.2901326285495146
1118-92-9,1.1886967918293727
20684-06-4,0.7914449520069973
64951-32-2,0.7141550964824385
653-03-2,0.30234713869279456
2324-94-9,-0.11963428427272349
137-20-2,0.5499415237040735
20686-45-7,0.3106719964350731
5965-49-1,0.171189983361007
555-37-3,0.6057505648851924
59263-76-2,-0.05210539955078908
7068-83-9,0.5372181240852678
67557-56-6,0.37145861685884063
70458-95-6,0.7619375660377832
96480-44-3,0.041661768729505
93503-03-8,-0.4343685041998189
10595-95-6,0.5024720329555024
50-12-4,0.21970692773181744
16055-33-7,-0.08644679635516028
88124-27-0,0.7902861546414341
73-09-6,0.5691818308108425
38957-41-4,0.5773987884919953
615-53-2,0.12106917928954586
83519-04-4,-0.1722549052240132
63982-03-6,0.20975997799443669
1119-97-7,0.17868333727854857
58066-85-6,0.33012134609802135
3001-63-6,0.12879318151079866
41892-01-7,0.08048973319982489
102-30-7,0.34399473913902345
683-10-3,0.6248191284988956
100-95-8,0.31218308205796563
14007-49-9,0.04670379632751942
1643-20-5,1.0265801525575788
146764-26-3,0.4555385129555858
149-64-4,0.7070251293684802
30286-75-0,0.6316932343775612
316-42-7,0.3819309829275014
69788-35-8,0.42406998943144036
69788-34-7,0.1890145088549431
16006-74-9,0.8156002913749009
69788-42-7,0.3550535448823229
31024-56-3,0.9303152833383821
1067-25-0,1.4984053144437608
23239-21-6,-0.4006712851926201
69788-33-6,0.12243782947516957
24536-75-2,0.7242609483572318
117666-86-1,0.780542624101291
64037-00-9,-0.845988574505064
18318-83-7,0.9589516112152217
14817-09-5,0.41800265037217654
25371-54-4,0.9421333702865297
126-22-7,-0.1843972615984365
73321-74-1,-0.05218369147938695
117666-84-9,0.6694309128087959
51356-12-8,-0.9866818621993574
2088-72-4,-0.6714225235954085
5840-95-9,-0.8809510385432925
2597-03-7,-0.18107825255323118
919-86-8,-0.9601388737242373
867-27-6,-0.360396455683309
640-15-3,-0.7758963683082828
6389-81-7,-0.3841320384775466
301-12-2,-0.8539856081142747
2703-37-9,-0.8743875694907417
25476-48-6,-0.7056457710106077
90220-20-5,-0.6126840954538482
90220-19-2,-0.4865242899877159
54473-51-7,-0.06055869133830294
54473-33-5,-0.23378793838587786
30560-26-0,-0.3527535982035347
73937-08-3,-0.9568877115685791
52868-53-8,-0.6639785550074446
84044-17-7,-0.4008574698937285
33267-37-7,-0.7321272952565653
111-10-4,1.1280964626775636
64058-23-7,0.24421339065734793
111-80-8,0.8368083453486355
104-45-0,1.1903992837192063
2785-87-7,0.9453515287432652
54965-21-8,0.08613763179201883
61738-04-3,0.3942264232926498
19133-14-3,-0.7415440534239186
1476-98-8,0.08352695034219426
5934-55-4,-0.03531470289278271
33210-62-7,0.46559869419973
554-12-1,1.6404291229825736
1087-06-5,0.9572282908537939
84964-12-5,0.15192598980108263
85405-59-0,-0.034951872939224304
21608-06-0,0.9649578888848005
68677-06-5,0.7882781791681579
117666-83-8,0.7802829466687435
94-30-4,1.1371283470090199
90982-32-4,0.843130822330999
54473-56-2,-0.25545769277931596
71675-87-1,0.9975200655397677
57966-95-7,0.30648902756701735
145071-30-3,0.3768900470081652
2591-57-3,-0.9861645379257924
2633-54-7,0.041711260703257036
13104-29-5,-0.8557632494108156
13289-13-9,-0.2947308092092207
15536-01-3,-0.8577784195210802
33232-87-0,-0.4964983282881201
2720-19-6,-0.29777038893533603
7076-53-1,-1.088768265690112
13508-53-7,0.6475805987641956
1825-58-7,0.9024492479752
3239-63-2,-0.743703573053489
63869-33-0,-0.5856867173512414
63815-53-2,-0.7459465356104855
58995-43-0,-0.7911692645377173
66104-23-2,0.39096487171927263
10265-93-7,0.09663655243104641
661-19-8,1.869821344129151
38916-42-6,0.7353133476538454
112-92-5,1.503303264427877
9005-00-9,1.3273047756620968
3397-16-8,1.0541071000182018
95-19-2,0.7460648373989704
1338-41-6,0.9328572870159836
112-76-5,1.437527540884408
54460-46-7,1.9439461448853301
38079-66-2,0.9548876432462805
112-72-1,1.3695356565907024
40036-79-1,0.8975257801760284
66232-28-8,0.785887656609015
6873-46-7,0.7404989360209022
112-70-9,1.3403216089776495
930-09-6,0.8526040173819123
10520-81-7,0.7188581921660712
124-22-1,0.6350446339551055
2439-10-3,0.26912087837889054
2422-90-4,0.3097727517053315
2372-82-9,0.23523165242582028
14960-06-6,0.8865568456102819
93-23-2,-0.04394079475948143
112-53-8,1.3144613907964526
39464-66-9,1.17450000740667
13150-00-0,0.8444943157177065
1847-58-1,0.8730811828080123
2915-72-2,1.5489534125544242
151-41-7,1.0741844275204622
120-40-1,1.0211039438064031
301-11-1,0.6836720145349204
23551-91-9,0.687308136374789
2156-96-9,1.1926170851834992
142-87-0,1.0730546550116733
334-56-5,0.42598339772584615
19780-11-1,1.0324454265250054
112-31-2,1.669604129085351
104-40-5,1.168475443179263
11096-42-7,0.9850100908442618
9014-90-8,0.5206065690928369
56323-90-1,0.9341797225822865
334-48-5,1.5177444675008518
5002-47-1,0.26672385054897507
74050-97-8,-0.5128439558232083
143-08-8,1.41250588738438
7173-62-8,0.26892132587823897
9004-98-2,1.1214281284535603
60840-87-1,0.32049533518228956
95-38-5,0.4809695517553394
18787-40-1,0.5824382935787696
52709-84-9,0.8365973261998183
949-13-3,1.103098196158867
111-86-4,0.6673435759074735
2687-94-7,1.0102752219124076
26530-20-1,0.49442679900532716
17751-69-8,-0.13030172727107425
21270-15-5,-0.03951544048051714
21270-11-1,-0.06849245098176382
1034-01-1,1.087203324279797
15741-90-9,0.04628735899488223
117617-70-6,0.3232702138058936
142-31-4,0.7321703768986967
4724-48-5,1.2032635815194173
55512-33-9,0.26903314944587375
124-13-0,1.5105669053299644
104-67-6,1.4625864884947584
18979-65-2,0.8921586442599623
7377-03-9,1.0249858149389415
4230-97-1,1.1451449894987262
111-70-6,1.3323114771688944
2499-58-3,1.2026465176193026
2463-53-8,1.2699363761920406
26680-54-6,0.9813595738064862
111-71-7,1.4535760798986161
119-89-1,0.5382863132673108
101-86-0,1.1195163402030022
136-77-6,1.0007836311689604
30406-18-9,1.1050250252811633
111-14-8,1.4520399391454886
111-26-2,0.5876061314357213
61422-45-5,0.6966292610519235
111-27-3,1.3471967045089195
112-25-4,1.379714358268775
112-59-4,1.3487094063810665
10305-38-1,1.4618758751953251
3478-44-2,1.0042810682467862
21270-33-7,-0.1189658368338411
21270-14-4,-0.1132692075239321
5431-31-2,1.1840138382062748
107187-05-3,0.49665620918504505
6789-88-4,1.389118269622006
17867-69-5,0.8571941074418103
111-31-9,1.428807787195935
544-10-5,1.5234600206960758
42482-06-4,0.9537860369901529
66-25-1,1.6227130775236471
104-61-0,1.557124293363128
3391-86-4,1.0073035834631645
745-65-3,0.3385730850538131
363-24-6,0.47907280437859256
80614-27-3,0.803483052551533
101-85-9,1.0109048035086912
136-81-2,1.0118818411149835
38237-76-2,0.9822688325162731
4312-93-0,1.1493632910771234
123-68-2,1.271564608846744
10589-74-9,0.6157488984362792
71-41-0,1.3478472846594531
17810-53-6,-0.08481838383825058
21270-10-0,-0.13355432315527815
104485-01-0,0.6172179608757342
101893-08-7,-0.06830484904501954
2720-73-2,0.6317988019074735
20056-92-2,1.137880835781695
18829-55-5,1.2407019458074724
110-62-3,1.4035219715742062
110-59-8,1.1580164407424256
104-50-7,1.3499139827406577
841-73-6,0.6199211413087928
2210-63-1,0.5720233854226622
50-33-9,0.6882106700489702
129-20-4,0.7978728164632084
6066-49-5,1.4909892116764103
335153-21-4,0.7771557813414736
64357-33-1,0.4769349296331429
536-69-6,0.9160509464357962
3180-09-4,0.9815173001390135
16006-72-7,0.6420060242057937
87792-15-2,0.3184584333134003
87792-14-1,0.5491860088557889
87792-13-0,0.10171886936281493
109-52-4,1.5590040518783397
61019-78-1,0.7044327108897519
88671-89-0,0.5607513771366963
58902-64-0,0.00399113480874036
27470-51-5,0.31847454681256454
79983-71-4,0.4926264411847017
38615-43-9,0.4749383321937115
111-75-1,1.025376205901242
1126-78-9,0.7629423810112124
2782-40-3,0.9828073968997918
592-31-4,1.5113153658504523
6336-01-2,0.5271449449169908
55406-53-6,-0.03381638662593878
13887-58-6,0.5289821981298758
3622-84-2,0.6923219082130682
111-36-4,0.9067034255033176
1005-67-0,1.0703975543142124
3817-11-6,0.7023927440669873
16227-10-4,0.5828705348651186
63716-31-4,0.08282571559460905
54395-37-8,0.8648354753618921
71-36-3,1.385621914057325
1928-45-6,0.33318191687068754
6959-71-3,1.214453723492095
7420-06-6,1.6334379586179342
111-76-2,1.5433681505405836
112-34-5,1.544105524105761
143-22-6,1.4454094996808022
112-56-1,0.5256932033170538
4223-11-4,1.4136596457353943
3102-00-9,1.0134186314401838
2426-08-6,1.4224841305656852
1852-16-0,0.7837968564817638
111-34-2,1.4726328599413137
17751-76-7,0.1589104190022081
21269-98-7,0.08397092649445892
33236-00-9,0.36650208434315734
70193-21-4,0.39686191481363575
5459-58-5,0.9990578760817153
66232-25-5,0.4012673149929442
7397-62-8,1.6663776188728463
94-80-4,0.4225312260819222
2438-72-4,0.7791527016287214
141-32-2,1.22428385944806
90842-58-3,0.39263539056544294
136-60-7,1.4445029656074517
20954-14-7,0.8805532243736062
28570-58-3,0.869011147734934
67330-25-0,0.8685139668160426
75147-20-5,0.5926788803434221
64047-35-4,0.8576168966412604
544-16-1,0.6439945090152988
6607-49-4,0.8870278140997989
2314-17-2,0.9362405640053171
4560-93-4,0.023511584978682887
64910-63-0,0.7683960252662421
109-69-3,1.394226853137898
109-67-1,1.1771724495330924
928-95-0,1.3176834848441725
123-72-8,1.4875835512180895
109-74-0,1.179479495834997
66246-88-6,0.586629873569075
1211-28-5,0.32988829873455827
60207-90-1,0.3879536338833638
1003-14-1,0.9995850695122136
105-31-7,0.6043286757519906
39067-39-5,1.0111154194351055
6082-56-0,0.6970840992684411
103-65-1,1.4874874666982465
28785-06-0,1.2874344980324048
645-56-7,0.9690752461769642
94-58-6,0.8307007017271151
644-35-9,0.8791444177195953
7231-31-4,0.9056086101359315
51-52-5,0.8427226615624281
14222-60-7,0.3404713501068344
75464-11-8,0.4256722853376359
1688-71-7,0.9025180199207622
97392-14-8,0.25770700256018964
2051-78-7,1.0970202837846625
103-37-7,1.307988089823977
123-20-6,1.2170980292288611
36597-90-7,0.9821696382855051
107-10-8,0.73013036653089
94-20-2,0.7142187952741319
13887-60-0,0.6316799806117935
73941-13-6,0.6592427034631795
27050-40-4,0.17765236863480016
33245-39-5,-0.16969809113452883
26399-36-0,-0.5809314828593661
64057-89-2,0.38225459014623014
4634-51-9,-1.5967650805136415
41078-02-8,0.6428843079239376
816-57-9,0.597470385462939
2807-30-9,1.6606107464813968
110-74-7,1.5509987138610324
33235-97-1,0.361365850500142
33236-21-4,0.3809753919234298
627-12-3,1.3792263222285963
1713-98-0,-0.8583146134244074
18705-22-1,0.18003921084923413
64050-66-4,-0.39383724470531223
107-03-9,1.054336627642468
49828-25-3,0.3297778562355592
13889-92-4,0.3939162257687824
38827-35-9,0.8698971051407868
68526-56-7,1.0758491123459564
928-96-1,1.2873695210779434
65405-77-8,1.080455904128737
2091-24-9,1.45434401161548
5910-85-0,1.2330071660218656
17369-59-4,1.1408265456575228
107-12-0,0.883021609344695
118-68-3,0.478317548649843
96-20-8,1.3478299893522818
3174-67-2,1.5666288353025046
584-03-2,1.6492259122037214
56983-13-2,0.9203497163578425
106-88-7,1.0858125446907905
117-26-0,0.4624203678391394
435-97-2,0.22008896874169315
14845-06-8,0.4321667883153821
512-16-3,1.0117168593799764
12663-46-6,0.3629824656554827
80834-51-1,0.010268440232867104
66571-24-2,0.7902531046282627
78-99-9,1.3967821627881691
58-54-8,0.4773755993459652
1146-95-8,0.2873872931539122
42790-35-2,1.174514005287047
60270-84-0,0.9317003265588815
89426-87-9,-0.559766943737517
5223-06-3,0.9095483718061542
5408-74-2,0.5004291709209692
102268-15-5,1.4280103800715351
536-33-4,0.5002722474166454
14736-30-2,0.8918702511859264
121518-45-4,0.6849925133497926
27653-49-2,0.28788838157023955
58-14-0,0.38279156940903003
70-69-9,0.9420683384268036
2295-58-1,0.7190160200392528
63605-45-8,0.2676498841059456
4940-11-8,1.1974910749407939
3781-28-0,-0.3759931432069944
89427-48-5,-0.6996449654967822
709-98-8,0.6917084426296356
13808-36-1,0.9472426183545047
75764-58-8,0.5373721428409161
15301-48-1,0.21303739909921893
79-09-4,1.6089017628961346
23495-12-7,1.0503514932714846
103-56-0,1.146221050273743
122-63-4,1.296542893009308
1531-97-1,0.8632636251003323
682-11-1,1.310487292629262
682-09-7,0.8003320909386913
30499-70-8,1.1202083791276725
824-11-3,-0.5651173642942817
1005-93-2,-1.0375678666232004
115-70-8,1.2193821802921385
3819-07-6,0.8140843243406847
7747-35-5,0.7011370454552186
19882-03-2,0.7679801499026535
6533-00-2,0.8811533264042601
77-21-4,0.26352259608623196
77236-50-1,0.4425002188437902
5556-57-0,0.6057983320546307
50-19-1,0.6245430910027795
125-33-7,0.375003854258667
50-06-6,0.30443341647959854
57-30-7,0.4053179113640132
56430-99-0,0.44661793458164867
7689-03-4,0.13974350644720646
7789-89-1,1.1130850429564028
75-04-7,1.0286240760322003
709-55-7,0.7750015545361771
71130-60-4,0.6342239549296576
5459-93-8,0.6492674838861275
5465-00-9,0.9917108850059537
58473-74-8,0.3824517810193527
625-53-6,0.214535605995688
139-94-6,0.3312260222510375
89427-19-0,-0.7087928006738018
4151-50-2,-0.01691972245782558
107-29-9,0.53474562650729
5308-25-8,0.7303574257761585
93106-60-6,0.9100862367011557
139-87-7,1.3322559981949649
100-74-3,1.0112524699742642
538-07-8,-0.1874367053952407
134-97-4,0.8748831401663165
23205-24-5,0.15399168845617384
67658-42-8,-0.03405738955611348
2687-91-4,1.2738582745487745
92-50-2,0.8053246140253394
92-49-9,0.4436147823771853
1508-75-4,0.7651990989477806
7081-53-0,-0.4166743199633811
62924-70-3,0.43700796735168085
13256-23-0,0.5381687098723873
82018-90-4,-0.031163174346994782
2991-51-7,-0.13032105387205628
14698-29-4,-0.10849540300558014
51940-44-4,1.050345995421371
13256-13-8,-0.07035216715428527
20373-56-2,0.0005965333380453242
21590-92-1,0.11635002422007035
63716-33-6,0.6136909129093971
63744-48-9,0.651021328188794
132-32-1,0.530159787860248
128-53-0,0.7739123122252098
86-35-1,0.6395174873955032
34929-03-8,0.4371601677579702
28657-80-9,0.1625679663072508
32976-88-8,0.5147543330519279
64-17-5,1.628634183096461
111-73-9,1.4940441817962538
111-35-3,1.5957416681091
64050-15-3,1.1055324149707038
2141-62-0,1.1360072211870165
110-80-5,1.6199802143075068
111-90-0,1.7738944418572133
112-50-5,1.6262111743234358
64057-86-9,1.1622194516784052
106-74-1,1.034509559140592
6012-83-5,0.5945788521221472
122453-73-0,0.1515019000250436
109-94-4,1.5329064002182535
2979-26-2,1.6375267681472994
103-75-3,1.3278404047655137
33210-54-7,0.18397761741792729
33210-37-6,0.007802609428213425
33235-81-3,0.3500039839535841
33236-11-2,0.575340128930089
33235-92-6,0.0883944934088664
33210-59-2,0.18240065150445361
33235-90-4,0.19384063312800137
4234-79-1,-0.07715011058352117
638-07-3,0.5384531219886167
101-97-3,1.2486956629461199
14062-23-8,1.0667809231053602
2122-70-5,1.097824749612066
27512-72-7,0.4782729292018625
2949-22-6,0.8011735689836927
21045-68-1,1.05427953054008
77501-90-7,0.4122243948371124
623-51-8,0.5819640318663929
637-56-9,0.8478885809933974
23609-20-3,0.8907176475211196
150-69-6,0.7489202633884489
38160-03-1,0.4024705169082895
19077-60-2,0.8329691071868675
100-29-8,0.7731646043261522
93-18-5,1.070331501692209
61361-59-9,-0.25591927326522246
66840-01-5,0.3548472090425656
60634-59-5,0.8877389489196984
938-73-8,0.9927091430489728
80834-62-4,0.10115030177852624
80834-63-5,0.17571319023747012
80834-80-6,-0.1302331190390279
80834-59-9,0.1522906254461296
80834-56-6,0.20965133378477518
96222-01-4,0.40592805957216704
46817-91-8,0.6312356350018101
118-28-5,0.918001108927434
63716-32-5,-0.05024912931782577
42874-03-3,0.5382319494269368
140-88-5,0.81884277420827
103-36-6,1.2548617845650587
6048-06-2,1.0027776937498376
14731-78-3,0.5190261807390988
117666-88-3,0.6448773867303671
117666-82-7,0.686213720958059
95266-40-3,0.7865286413714018
97-81-4,0.7596530127776953
4089-07-0,0.9136962248074467
868-59-7,0.633807947057028
1187-46-8,-0.23883866686812893
121-39-1,1.4258240159191518
548-00-5,-0.38982616564974404
9000-40-2,0.5542997687975719
10029-04-6,1.19739280520617
7085-85-0,0.4712304300990079
89-33-8,1.1604701845645082
93-89-0,1.4011879456116882
94-09-7,1.1358918105079414
99-77-4,0.8119020616025119
120-47-8,1.212520951975248
56974-61-9,0.36603191105189414
87-25-2,1.15013245823928
19485-08-6,0.5811662672419525
734-88-3,0.45406196437071
19688-04-1,0.7761923088703782
13915-60-1,0.791054252154719
126-12-5,-0.025274683409118204
5794-23-0,0.5320605280831325
2385-81-1,0.18482751975144296
3691-78-9,0.2901457068303682
510-15-6,0.9182199052614224
51-79-6,1.5673942294274985
13684-56-5,0.8897579065274404
105774-14-9,0.24242384909494802
75507-68-5,0.37235000003273333
33400-47-4,0.4004644491689579
25717-80-0,0.5169434843980742
13945-53-4,0.548326839425916
2593-15-9,0.23930517401826001
2521-01-9,0.7904060942137545
16322-14-8,0.7405117525586551
1097-57-0,0.40877317215293757
541-41-3,0.3410404404953591
59463-54-6,0.18430598004169763
7495-45-6,0.9924381365093078
719-80-2,0.5227155597543771
23510-39-6,0.4140855075982752
2425-19-6,-1.068952488768809
13067-93-1,-0.4665090770701924
2104-64-5,-0.6583069775233242
1776-83-6,-0.941223994461625
1623-14-9,1.4860011873379433
3309-67-9,-0.4901852929673495
71363-61-6,-0.2707273278155735
36519-00-3,-0.20621448453482072
17109-49-8,0.0338863789007533
1498-51-7,0.27988556238233064
7508-73-8,-0.9896754735958935
1498-64-2,-0.2507424776717775
607-01-2,0.17401083429280428
19133-28-9,-0.7138129386814157
75-08-1,1.4095980007227724
18370-87-1,0.7490367443156442
19594-18-4,0.44250669747807436
32666-97-0,0.4494273951730223
2212-67-1,0.7090295324325568
513-12-2,1.1247478546273673
594-44-5,0.4542226271005789
74-96-4,1.0947673271436114
10141-07-8,1.1232754723305458
623-68-7,0.8988668605954174
16491-24-0,1.2913984542234855
60364-26-3,0.7047617288888164
130-01-8,-0.6744607587548825
480-54-6,-0.6719550218443204
15503-86-3,-0.6543456883684807
25402-06-6,0.692655122299564
3016-19-1,1.6934158691736745
121-20-0,0.28610790305279477
81719-55-3,0.6632471939667449
23726-91-2,0.9321749191780407
102518-79-6,0.3561508742722559
625-33-2,0.9857636215103665
480-81-9,-0.8788866223232973
16568-02-8,0.583285313154862
2883-98-9,0.6954934913055204
15037-65-7,-0.2666614413202989
93-16-3,0.8993598165097516
97-54-1,0.9969040806886685
120-11-6,1.0121544201598218
4635-87-4,1.026808024687794
964-82-9,0.4434953590175894
142-83-6,1.167321933543401
1516-01-4,0.7790972401860733
4076-62-4,0.6591798890479152
637-50-3,1.5421038398425468
120-58-1,0.655130023119977
13061-80-8,0.4883438470903425
14861-06-4,0.8820240000507952
590-21-6,1.0197851148536594
16219-75-3,1.448230605552589
38233-76-0,0.5383275979944394
88430-50-6,-1.1937927340972874
75-05-8,0.549168780841695
2001-95-8,0.7898590585127672
3922-90-5,0.0574799071931793
12750-79-7,-1.153137179298692
37280-56-1,0.2818881939647795
25448-25-3,1.5829273511432451
25103-12-2,1.4541521721058508
23079-28-9,1.3162369812769343
96513-83-6,0.27835099745815217
3818-80-2,-0.8769914786014443
2667-52-9,-0.6316211198748399
3081-14-9,0.7912800438514087
68880-55-7,0.5425662815486366
123-17-1,1.4437171235884922
60828-78-6,1.5116930953768932
73747-29-2,0.5777176164955634
303-45-7,0.7170192994485761
25497-49-8,1.0990397272482832
77855-81-3,-0.7231747962060423
24365-47-7,1.0225723155863744
51356-22-0,-0.27203795037755985
51356-10-6,-0.8971201404943823
26544-38-7,0.874572008804128
71108-02-6,-0.8626274594720436
25265-77-4,1.6198144022808965
50-14-6,-0.9951400610975961
54573-75-0,-1.6374121118035583
330-64-3,0.27553076641349694
60244-70-4,-0.5475779001455849
60244-66-8,-1.3715341445203855
7492-32-2,0.20526154727921253
50-34-0,0.2257737820849529
3700-96-7,-0.10563927439900445
3700-90-1,0.08761046150566809
60244-69-1,-0.34799237158930374
143201-11-0,0.10663922118420172
1610-18-0,0.8706646501263797
99559-84-9,-0.2866859852432162
1445-75-6,0.6540283874520469
27554-26-3,1.7238979314960183
10086-50-7,1.4484656001374887
63980-62-1,1.5277988391246193
110-96-3,0.9295091455656862
29214-81-1,0.6138516282754249
127-39-9,1.4283176066767302
84-69-5,1.3666754928102411
97-85-8,1.529169993329253
132299-20-8,1.3998793484925258
38640-62-9,1.0640327500908193
28178-42-9,1.2099073771568074
94133-79-6,0.9123581777664183
565-80-0,1.5265020067765456
50847-11-5,0.827609991867128
97-72-3,1.459580067594326
108-18-9,0.6717768579307606
2986-17-6,0.4292083491629046
139-40-2,1.0145482093155807
38588-65-7,0.6231454880810752
96-80-0,1.1266385233027414
66660-95-5,0.186619329126525
4261-68-1,0.6090449842552957
2303-16-4,0.41582346242382395
601-77-4,0.6380036492357153
108-20-3,1.3424570971296446
7283-70-7,1.5202530575393878
50512-35-1,0.7265476402683917
59937-28-9,0.4221330015134739
105-64-6,1.0990446761956512
1809-20-7,1.0896086945446293
26087-47-8,-0.3562707974771543
51356-07-1,-0.6073116769176341
51356-16-2,-0.5964096432020765
10141-19-2,1.540397203257211
67786-25-8,0.8062554631495031
371756-75-1,0.7399765511817268
3773-49-7,-0.0016388681534167393
108-62-3,1.1182069685459015
68857-95-4,0.5284822797498998
104987-11-3,0.22469689016484706
51596-10-2,-0.8496376871408094
10176-39-3,-1.3799889067599747
42588-37-4,1.1320538060943726
108-84-9,1.5851024881184879
67306-03-0,0.605072594094756
30685-43-9,-1.4616811596054604
15662-33-6,-1.2101724433364307
20562-02-1,-1.8550882900734817
71-63-6,-1.5127671669074116
20830-75-5,-1.671880136389095
41294-56-8,-1.1869223788808494
57333-96-7,-1.659617147821665
17578-43-7,0.4939932736869518
18470-09-2,0.20508239410444573
550-53-8,0.38204654834128904
56717-11-4,0.6132330670931931
543-82-8,0.5689993180139168
3081-01-4,0.6647836935723583
7535-34-4,0.5073786260331006
108-11-2,1.1397875800043544
23436-19-3,1.57790294247661
89-80-5,1.5443695820479664
66941-88-6,0.10832125292222505
103-95-7,1.2961951177004016
57144-56-6,0.2461628628052891
64059-37-6,0.7796253693042121
55636-92-5,0.3984508376679713
42978-66-5,1.030959955568184
123-63-7,1.1506632184118535
21259-20-1,0.05918494195504076
40580-61-8,0.5315422402438752
964-52-3,0.31896600718689094
121489-04-1,-0.005015754341966661
30562-34-6,0.10880695379170335
66085-59-4,0.44343370977015917
78194-09-9,0.5009024662199961
24353-58-0,0.7574539634904157
489-84-9,1.0360195988672332
6223-35-4,0.7370320443699632
17493-73-1,0.8058972014930408
92671-67-5,0.9059544061704441
113139-67-6,0.9657468129048397
63982-52-5,-0.37737457447414535
18659-45-5,-0.4306360503976049
2752-71-8,0.0003754778075222287
119-38-0,-0.4613911900287443
72542-61-1,-1.2088681381983575
78194-24-8,0.6558363041601091
78194-42-0,0.6757189410600244
15037-62-4,0.03166676833056137
75530-68-6,0.3703625047585164
97-86-9,1.357971623281679
23684-11-9,1.2192269860407814
110-12-3,1.4588277459804573
3572-41-6,0.8786871725370253
70318-55-7,0.8621067791968213
70318-56-8,0.8017835055075471
26544-20-7,0.7348082375445496
81250-17-1,0.47445177142393385
123-92-2,1.5824449868396595
110-19-0,1.54477485050067
99-86-5,1.5265544971510892
542-08-5,1.4219036116343804
99-87-6,1.443983506144676
535-77-3,1.5341422570773111
89-83-8,1.12539866756096
22760-18-5,0.5239435589316463
65765-07-3,0.3178196295576409
499-75-2,0.9945801394184566
2814-20-2,1.0647504382624562
80176-21-2,0.5267525268891775
55814-41-0,1.0028148031732287
563-80-4,1.4625152777858552
59230-57-8,1.3147200321496249
39543-79-8,0.7908247399809003
314-42-1,0.6423273370906282
123524-52-7,0.010806408856653849
6673-35-4,0.9025851544643804
108-21-4,1.6842992816798419
4212-94-6,1.0216833938339724
12650-69-0,0.4876146832481811
828-00-2,1.2943799604504242
68425-16-1,0.943025330843366
67239-26-3,1.0684858807961204
40915-86-4,1.1422556083566588
35256-85-0,0.9287973526623201
19666-30-9,0.5478965440845462
129909-90-6,0.63139423991749
71108-05-9,-1.3893787094812922
71108-06-0,-1.1864830617678424
111038-42-7,0.09115667510977765
13254-34-7,1.3564778301781286
3445-42-9,1.0474448231196107
14860-89-0,1.0844093223895248
26762-93-6,0.8382880464189616
36011-19-5,-0.3858009818865743
33160-78-0,-1.5814660792527726
154619-51-9,-1.1530616078188962
69915-63-5,0.42741322816998073
581-12-4,0.9001570380286031
470-67-7,0.5865486627717674
512-85-6,0.5680522588396286
63968-64-9,0.49662429130767966
13613-99-5,-0.02380004891194898
3035-45-8,0.6281668787220919
1014-69-3,0.4128524987795018
64-00-6,0.12069383383867871
2752-81-0,-0.027040248237856668
2631-40-5,0.12120726729234044
114-26-1,0.07754243856492937
366-70-1,0.3617735047495627
54266-83-0,-0.8228713674826877
106293-84-9,-0.8816330714941962
73115-70-5,-0.4445591772443578
2315-43-7,0.5616321655572094
1505-95-9,-0.39632716629731735
996-35-0,0.8129275590320363
3938-45-2,0.11497627309503744
24730-10-7,-0.9593134218726612
54270-10-9,0.45187367308669324
18952-79-9,-0.13788809664157675
26328-00-7,0.8772287174927018
69788-41-6,0.289640758832833
97887-77-9,0.7952856844372632
6659-45-6,-0.30474682638844997
22343-07-3,-0.4131887554587479
64249-01-0,-0.18419274798988994
14211-01-9,-0.1348462436726301
36614-38-7,-0.6344019506794307
19645-42-2,-0.8852252944307145
79985-91-4,-0.3150779831598458
71617-10-2,1.1568742800955614
3567-08-6,0.854434595554899
17959-11-4,0.43718661753574123
404-86-4,0.8474262801844646
111038-37-0,0.08380542001883884
72739-69-6,0.7601186674629465
23485-79-2,-0.6786921515850155
24353-61-5,-0.6139124721829413
13955-12-9,-0.8370353931850821
15863-65-7,-0.7254044444974808
14358-50-0,0.6519438513057885
24017-18-3,-0.91184839035718
6838-93-3,1.1012124958105352
107-44-8,-0.237076390075862
71048-99-2,1.111521987509433
959-24-0,1.02821254219924
1330-61-6,1.2628753517735747
26544-23-0,0.6156083536361386
27013-89-4,1.0679737275673629
25168-26-7,0.48628100429522836
25103-09-7,0.9857883369468448
646-07-1,1.4310083562067577
41764-14-1,0.9170561182683229
110-45-2,1.4320118227393928
94-46-2,1.3701544136253165
87-20-7,1.0697665716011735
928-70-1,0.8314946463892278
590-86-3,1.4825350182908335
1553-60-2,0.9100812257685638
72221-66-0,0.5344106771974619
93-19-6,0.5235392657681197
503-74-2,1.4318155229569256
140-26-1,1.3154400534688508
2835-39-4,1.1121243622723362
78-81-9,0.7851127163783806
33207-44-2,0.5025336455119767
371-44-8,-0.31863238208747624
52102-44-0,0.667905325750978
30979-48-7,0.7990724162106955
13887-57-5,0.5831958530915617
78-83-1,1.4076083873322998
4439-24-1,1.553312919394195
51550-64-2,0.4354492402963466
105-01-1,1.1217019323987296
1713-15-1,0.5438679582874868
106-63-8,1.052388977912814
120-50-3,1.3855122649733325
87-19-4,1.060943761415822
27442-58-6,0.21850138459567936
513-44-0,1.4527069415577993
4621-04-9,1.293137438842979
34131-99-2,1.4385330131546805
528-92-7,0.5944823959821735
70124-77-5,-0.042440093290674
66827-38-1,-0.029583387862775035
7407-66-1,0.48007742654303076
496-67-3,0.3144093517899267
565-74-2,0.6097539302985401
64047-48-9,0.528844709217362
91132-80-8,0.6897687821557124
68683-20-5,1.2303851680263813
4395-92-0,1.4687622029977878
536-60-7,1.249247142576487
13816-33-6,0.9826159182033147
31027-31-3,1.1011932632057042
17959-33-0,0.21800940352780362
1333-53-5,0.6697277632293623
643-28-7,0.6303168047385631
13311-84-7,0.038459463640383884
80-34-2,0.5576729902916706
79-31-2,1.6377626030590124
103-48-0,1.2344901614101456
103-28-6,1.3588094490461602
1532-00-9,0.942637057540552
56425-91-3,-0.17597372502389053
73681-12-6,0.694148714610872
21738-42-1,0.38384266982327375
63659-19-8,0.7707396522069406
29122-68-7,0.803098753716033
59333-90-3,0.4145732188827926
86247-86-1,0.7641711239500132
81486-22-8,0.38806084358834775
586-06-1,0.747129525621002
5588-22-7,0.3826746638860635
14334-41-9,0.22750319121055296
31802-16-1,0.6881597849877213
768-52-5,0.6614373685472148
101-72-4,0.8659853697767723
2210-25-5,0.7716055153756978
637-32-1,0.7329602289403195
22936-86-3,0.4396417488686579
36734-19-7,0.7128443941742765
63884-40-2,1.1191532054615174
3544-35-2,0.5861019881818548
54-92-2,0.663461200672816
35944-83-3,-0.054413572455477066
2030-63-9,0.8567952461480666
58934-46-6,0.4944141611981845
3772-26-7,1.217520404796021
142459-58-3,0.7519166449534899
1918-16-7,0.6169351781058343
98410-36-7,0.20227512849629659
25057-89-0,0.5003858130459593
79-46-9,0.9029364763371805
67-63-0,1.8538088958849026
4016-14-2,1.264980307978469
93-78-7,0.5372191928685905
83656-29-5,0.6912107410316041
29026-74-2,0.8415137475256232
38753-50-3,0.5585833956564695
939-48-0,1.4860455770288916
68334-67-8,0.6354130006331297
5836-10-2,0.7086239736693111
122-42-9,0.7967155572920706
108-23-6,0.9068231687647854
1714-03-0,-0.8824687895651516
1713-97-9,-0.7048926006659079
24441-57-4,-1.1366412796125402
4095-32-3,0.3745432761750339
500-38-9,0.619232516219539
106-55-8,0.7423059203199016
61477-94-9,0.16250131227686537
98459-18-8,0.6061307707656074
7652-64-4,0.8437318377256977
2935-44-6,1.5108844043153546
110-97-4,1.4310517799873592
110-98-5,1.6533187531301676
25322-69-4,1.769393203493009
25136-55-4,1.6709837830171033
1073-79-6,1.3836806672665225
141-91-3,1.2235630907873811
1593-77-7,0.5531480925055117
10140-90-6,-0.02582426062299481
108-60-1,0.05057426234451379
57472-68-1,0.9882003367116347
27138-31-4,1.3865330861952976
13275-18-8,1.1382020760472817
14663-72-0,-0.6128199557285975
579-56-6,0.7773812318804083
7681-93-8,-0.0396196680049149
6280-75-7,0.33184323621222156
93-96-9,1.1174085874138915
4351-70-6,0.5615904668905993
21145-77-7,1.1946859422738343
359-83-1,-0.0873141873477924
123298-28-2,0.8622954354991004
57646-30-7,0.7822024400137648
105-85-1,1.3959075667027303
8000-29-1,1.6249493760256675
51566-62-2,1.235426241961736
502-47-6,1.441473646167914
16409-43-1,1.348324892737065
36798-79-5,0.5509212827529172
111479-05-1,0.8996240033279292
5370-01-4,0.7140763597168751
40766-31-2,1.2450208000368665
95719-24-7,0.9341013173377593
58430-94-7,1.4446676277960995
77-54-3,0.9833072304259657
5634-42-4,0.4839757730883364
80449-58-7,1.8310877468667475
2885-39-4,0.4124319688997041
34681-10-2,-0.4479806134866119
1477-79-8,0.2876605395998544
62-51-1,1.1301358748337091
108-65-6,1.6419672975983046
23541-50-6,-1.1465582638904896
63170-60-5,0.10882112653272769
27813-02-1,1.2152950255066206
3644-61-9,0.6243569987637392
22683-78-9,0.42204909892428766
60789-89-1,0.5813263630501556
10402-52-5,1.2367359356890981
40552-84-9,1.0558799189825017
143692-40-4,-0.2414164137063468
1331-12-0,1.5083367614270746
72619-44-4,-0.07950185670252619
68683-30-7,0.8130497885860564
57852-57-0,-0.3950163784960796
39472-31-6,-0.47151046785461836
6731-36-8,1.33146324703954
33704-61-9,0.717587024634513
91-51-0,0.5356290712391731
3302-10-1,0.9771295130342769
71500-37-3,1.1640230713810487
80-54-6,1.2976218680248408
12002-53-8,1.0004836649845872
140-57-8,0.2963621348462615
57018-52-7,1.3159796070616796
60560-33-0,0.05684427816498616
32222-06-3,-1.7506434596538138
93503-00-5,-1.6503925914048354
1845-38-1,1.2316991269969706
456-59-7,1.0593769156207031
53445-37-7,1.0628099140182827
18479-58-8,1.1588137018141622
21564-62-5,0.5019138971511343
21564-60-3,0.3269844065177909
107-41-5,1.5128545012769612
10141-15-8,1.0050103164218733
32568-89-1,0.829006232855539
3407-42-9,0.8435018936390141
5585-52-4,0.3858544399436674
5076-19-7,1.7864613492166952
302-95-4,0.12357001981810789
1403-66-3,0.5949589299982379
26419-73-8,-1.9325698590881863
1215-83-4,0.27124609218946283
523-86-4,0.6510310646316164
6970-59-8,1.252452654942882
83805-11-2,-1.3012464702131274
6754-13-8,-0.052194315560333604
551-36-0,0.9240506169468528
2275-23-2,-1.265559886433969
5588-10-3,0.5107185926691946
101-40-6,0.5195001096104555
300-42-5,0.3681694049134665
1199-85-5,0.35689615508368566
6988-20-1,0.13590337972378608
926-93-2,-0.3366094606965795
894079-42-6,0.45323919343623464
57-92-1,1.4612075788284575
66637-32-9,-0.5972738925705472
106358-90-1,-0.862208212093484
59375-71-2,-1.1713136900521608
59375-66-5,-1.4440782559056327
54266-57-8,-0.8521582702568785
1563-67-3,-0.05134378173605514
54266-46-5,-0.8966940566471513
67151-63-7,1.326901753226992
97-84-7,0.6031815435190762
13115-40-7,-0.08951886615332538
5585-67-1,-0.5495253689929829
5585-73-9,0.28214928526983307
521-78-8,0.2994656408851466
84-96-8,0.5391713516567207
70133-85-6,-0.1826779164980088
108-16-7,1.1401532086602915
5636-83-9,-0.2515603638249606
1225-60-1,0.2112294854078161
22212-93-7,-0.9786911998469605
23915-73-3,0.6244054223393203
2449-49-2,0.31507794445594395
20170-20-1,0.35830164564542516
1892-80-4,0.737758037970177
603-00-9,0.2021006876953153
66637-35-2,0.49948960124099506
801-52-5,-0.9513313513779886
61738-05-4,0.5878759490514545
34769-67-0,0.9593524037115602
2079-54-1,0.09164434161977386
56393-22-7,0.5152380470806195
64399-29-7,0.598551677796673
67055-59-8,0.6669317681191305
7635-51-0,0.6812565919337735
3766-60-7,0.5178368770154453
68690-89-1,0.5878528544245758
25724-11-2,1.2390507131678232
32358-07-9,0.6826710781073198
10143-67-6,1.509496255643715
2801-68-5,0.6182611663016295
90-87-9,1.0177427474438339
33419-42-0,0.29195056224124694
67329-03-7,0.36609866404551406
106065-10-5,1.152797398201306
74150-27-9,0.7881342890813123
10024-70-1,1.5593250215952783
1589-47-5,1.5281722799617976
60676-84-8,0.6761067104312865
73573-87-2,0.7999012593789953
6142-38-7,1.4982263547939094
16777-42-7,0.650323341785238
22204-53-1,0.6764618908793691
97699-81-5,-0.20968047231787912
110599-10-5,0.8311905553140398
110599-11-6,0.9492674877662326
38835-17-5,0.5864279785863946
108912-17-0,0.48974304099472765
52756-25-9,0.710403638521136
51338-27-3,0.610468459828016
69806-40-2,0.47014179937220113
34885-03-5,1.2225573100497305
55066-48-3,1.142702355884767
589-92-4,1.2940417775341153
15520-10-2,0.6002538737910239
6280-15-5,1.3962646387588022
2470-73-7,0.427604896354266
19142-68-8,0.14241126744323507
9046-10-0,1.0921474494104406
1982-49-6,0.7486140647424522
77287-90-2,0.5123267738014929
31291-71-1,1.1710404308042843
18069-17-5,1.390364028017228
1123-85-9,1.057950680781064
116287-13-9,0.10171848858947252
112344-52-2,0.20599135337155394
37795-71-4,0.6213269762266739
62571-86-2,0.7327866896779143
13330-31-9,0.4201188114427199
357-56-2,-0.19750311030329193
590-88-5,0.9747255608238606
78-90-0,1.2497758725191912
10171-78-5,1.4383871843935565
29670-17-5,0.14138948525443507
52663-81-7,0.6904125388195084
59182-63-7,0.4512222652633835
5586-87-8,0.4063587742921896
49561-54-8,-0.05121687775350159
30007-14-8,0.5909348158683378
1944-12-3,1.0302286346499283
136-69-6,0.3015621331634162
10138-74-6,1.2811444726517567
109-07-9,1.003741248934767
17590-01-1,0.7184685711007329
75-55-8,0.3701928654980514
94-91-7,0.7863344102705802
114460-08-1,0.027180457701871164
537-61-1,0.7047556183013821
3478-94-2,0.4617304208853876
59-96-1,0.3633467529752341
23256-30-6,0.8544258153555249
74277-10-4,1.0207601543060942
2425-66-3,-0.20583732640803154
107-89-1,1.5671858775021459
57-55-6,1.725516548650261
4189-47-3,0.2889642187133772
770-35-4,1.1851929470234897
999-61-1,1.144380798204085
29053-27-8,0.3656725976891167
2568-25-4,1.1268505473916202
4353-02-0,0.5988419044000725
709-90-0,0.8051133875942049
159264-96-7,0.9008815798997631
303-47-9,0.3078176989517898
19224-26-1,1.4029035860696082
119446-68-3,0.1181568778653257
6423-43-4,0.323354329969667
75-56-9,1.0741598409977295
1072-43-1,0.9891823846985357
78-89-7,0.686810408313617
78-87-5,1.0084946732301572
16529-56-9,0.5096466478958582
93-53-8,1.2128555654921063
64037-53-2,0.4389892804200626
21267-72-1,0.2118109931248221
3626-56-0,1.144019297395035
78-97-7,0.8646896090548908
1967-16-4,0.21475513879615388
74068-00-1,0.5139198210688258
14838-15-4,0.6592080342809824
50901-84-3,0.28849449892849854
117-27-1,0.3660172320057189
1193-81-3,1.1909075065808237
69056-38-8,1.3873527186514034
65489-05-6,0.29729729845271446
78168-92-0,0.5632318023225207
19408-46-9,1.229067289135882
56180-94-0,1.1982790868269304
3094-09-5,0.773256024177205
70886-61-2,0.5224637059662689
598-77-6,0.974080880134067
55418-56-9,0.21704686441771304
47073-92-7,-0.12474509296049041
95719-25-8,0.9898856024459094
80382-23-6,0.7622467775043009
5005-84-5,0.17122231707073943
55843-86-2,0.6790631239099831
40828-46-4,0.39880776287173814
81265-54-5,0.5176939415909213
56355-17-0,0.5783546055074307
52549-17-4,0.4578449568547331
34691-31-1,0.7870173915350113
56427-43-1,-0.35285115869477957
30087-33-3,0.34155422095200405
53716-49-7,0.416799145166299
66934-18-7,0.032568622770739575
51234-28-7,0.41731941288661456
55690-47-6,-0.4291070001815275
55689-71-9,-0.4555699428378679
5104-49-4,0.003716378541473442
31793-07-4,0.19848300542226927
41363-50-2,0.7368207086096378
72619-41-1,-0.19274972785627031
158836-71-6,0.09889782595910201
67700-30-5,0.446530238624117
188416-20-8,0.7308423336784431
1331-41-5,0.7256609819254841
2126-84-3,0.24469791981999667
7654-03-7,0.8390799373554899
33368-94-4,0.8483968924306914
119-51-7,0.8136440097208678
55294-15-0,0.73338526319637
98-85-1,1.2856150576116963
42818-60-0,0.8086447738901845
54335-70-5,-0.5708642325482234
52570-16-8,0.7676942790260745
87757-18-4,0.4901004690339761
26129-32-8,0.6048319796907361
40843-25-2,0.5475289519786077
105512-06-9,0.06440605604459704
1953-02-2,1.1712241665662324
598-78-7,0.6142235474234752
1501-84-4,0.7309276458889359
76-00-6,1.1300500903586106
66941-48-8,0.17067484284342804
20602-57-7,0.9797933143172662
35782-82-2,0.9918576169027702
20866-13-1,0.45621434093222524
14689-97-5,-0.08625054270501831
2592-62-3,-0.6529294120028545
497-26-7,1.5155470640487965
75-34-3,1.5976960134533298
50765-96-3,-0.06180356627163697
22094-93-5,0.36781629848085373
4957-16-8,1.324039962224036
4474-24-2,1.238506802380006
465-42-9,-0.027515004610758287
85801-02-1,-0.013514183490681675
70-38-2,0.868451166262836
50765-94-1,-0.1156298171619552
59263-66-0,0.07768932969406361
33089-61-1,0.3985446006397202
90268-24-9,0.6532224524648802
50765-93-0,0.045938951807077744
627-70-3,0.6518994599230862
4602-84-0,1.4360037833149446
64218-02-6,1.4603267327295673
105-87-3,1.6341182514354182
94238-00-3,0.9001001581019255
3772-23-4,1.028934889670737
6358-37-8,0.34975086548230383
95-93-2,1.6993065232944864
527-53-7,1.6784465317723585
5384-21-4,1.150803621414789
89269-64-7,0.6528079990185898
89427-45-2,-0.5236209708800207
73840-50-3,0.9871575435804315
1124-11-4,0.8014575729163755
10543-57-4,1.1747799914086796
1709-70-2,1.0317292742857398
40580-62-9,0.4182755981162673
121-21-1,0.41551507311042374
23031-36-9,1.0443387590609383
97-11-0,0.23434921217740223
27223-49-0,0.9392976480409356
477-33-8,0.4660957503244279
29171-21-9,1.0455009984758314
82508-32-5,-0.14847353401117558
2686-99-9,0.14464113938076295
3971-89-9,0.0922200756940853
98124-08-4,0.48227673587883735
86780-90-7,0.4931809678338339
5585-39-7,1.157793382357839
459-80-3,1.5967847017251426
1786-08-9,1.2803118022598505
110-93-0,1.6207252540397388
586-62-9,1.5010678559468684
68555-58-8,1.3993649575367861
137927-76-5,0.7085379934136606
1191-16-8,1.518870151174176
13884-43-0,0.7794071372296911
97-36-9,0.8739181562993199
78-32-0,0.26027547457982436
95-63-6,1.540826619921424
938-18-1,1.4823194697854611
88-05-1,0.6355261181728169
108-75-8,0.7217365184852486
78-30-8,0.9356686727927945
27945-43-3,0.3786580413165618
700-13-0,1.0226797480788183
14667-55-1,0.7438740323566098
28730-17-8,1.0505524431725783
73622-67-0,0.625278490024481
18869-73-3,0.12479013433908626
2169-64-4,1.4286058054457582
96-69-5,0.9546159830704215
96-66-2,1.1434781362032185
41208-07-5,0.47894091323145804
1445-23-4,0.8011106153700285
1218-35-5,0.05721667257217322
59708-57-5,0.5555236773392742
2487-01-6,-0.10202188812221213
79006-76-1,0.024369959989252177
96515-74-1,-0.015021163245981572
50588-13-1,-0.10401753902047783
50700-72-6,-0.31787404118961193
34388-29-9,0.7732997303931142
121-29-9,0.08826689885271799
26002-80-2,0.44437213643925233
70-43-9,0.1229232494646667
23031-38-1,0.7943633666815524
72963-72-5,0.8557585576652066
14297-81-5,0.45084349680632646
124416-41-7,-0.5878320412063379
14901-07-6,1.0196542305384853
25812-30-0,0.9342551745888845
80-26-2,1.2961408775576309
78-70-6,1.142995139768951
315-18-4,-0.35738360223279964
2032-65-7,-0.30609300860769995
2635-10-1,-0.10222615207595243
2655-14-3,0.2046251108222623
2425-10-7,0.11256783153534511
671-04-5,0.09543659932360038
66871-56-5,0.13689367787188766
6392-46-7,0.16127981190860807
79006-73-8,-0.30493550312161544
23103-98-2,-0.43010480767291115
548-84-5,0.4580990831362497
38035-28-8,0.39861974666052424
59669-26-0,-1.2545399710967207
68789-90-2,-1.006566789761719
50765-87-2,-0.31676724771224163
100751-82-4,-0.28294123817958405
88296-62-2,0.15265685295461928
68789-93-5,-0.4006873998201048
123252-99-3,-0.062417848824598776
50528-97-7,0.4853901235754643
61676-87-7,0.4752358606605817
58011-68-0,0.7653936389279183
25505-97-9,0.5010024300486717
24303-87-5,0.22902562712957558
55-37-8,-0.43749024762301036
64011-88-7,-0.804149717750669
18694-40-1,0.47227192385260974
73590-58-6,0.9020093893451099
21829-25-4,0.5780589452599587
71653-63-9,-0.4143710436985649
88046-00-8,0.6784621157397277
484-12-8,0.38950659040523494
50563-36-5,0.6154782158121105
77732-09-3,0.6392274671166528
24280-93-1,0.42013053095961794
132203-70-4,0.3557897897088821
62751-73-9,-0.22216588800498616
67369-99-7,0.03264710174394381
6962-44-3,0.9893688564366993
38168-64-8,0.27587940346989204
139958-16-0,0.6071984154595951
60568-05-0,0.8200106944613186
4619-66-3,0.9158250730479118
99522-79-9,0.21528520748103852
73698-59-6,0.5904496537388783
89226-75-5,-0.2755785562710936
91599-74-5,-0.030357167185572242
68483-33-0,-0.1730337645483474
30748-29-9,0.5202395278852262
59204-74-9,1.184472647254708
63704-66-5,-0.17747494776238337
5205-11-8,1.3349112739758313
107-86-8,1.2445174048592884
4479-75-8,0.992519301888815
101030-72-2,1.0319361612564055
541-47-9,1.1871153962722838
26485-81-4,0.6890506112744289
137927-77-6,0.5189906644888249
137927-78-7,0.5915467243748298
1752-30-3,-0.13225594542554242
67-64-1,1.5463092690642308
2082-81-7,1.538399648570918
109-16-0,1.1473152679489749
99-48-9,1.029465128495293
814-78-8,1.040083877732287
110-13-4,1.249162015901479
123-54-6,1.3267340141911779
86-92-0,0.7463504749061127
93-68-5,0.9407311871847153
20139-55-3,0.9049469804023289
5185-97-7,1.60279201017471
128-80-3,0.7379653776899717
108-38-3,1.305734033675113
68908-87-2,1.3340775058401482
6613-44-1,1.3267852263240418
108-69-0,0.6638431746332445
1665-48-1,0.7703200413764675
17291-89-3,0.3977962495586589
13730-09-1,0.9775135150679984
95-78-3,0.532614049270804
21436-96-4,0.5457103113919856
73839-60-8,0.8640799341220327
3761-53-3,1.1428660304206468
89-87-2,0.921316046691541
105-67-9,0.8060350266581869
80567-67-5,1.0013251431133474
589-93-5,0.523250990500801
108-47-4,0.6378798671229607
95-47-6,1.3664626785241945
95-64-7,0.5715377025075481
95-65-8,0.9023917438260802
72364-91-1,0.7969707001483828
1799-79-7,-0.6766380266015908
17291-84-8,0.40494603414447267
87-62-7,0.6278024084775407
88069-67-4,0.537786644320235
5294-61-1,0.5975325857625052
77191-36-7,1.1395727921533756
7361-61-7,0.025308160231776733
72-57-1,0.9192941766744313
30544-72-0,0.6437469589368445
67129-08-2,0.48336511846725366
576-26-1,0.9374778010500613
47465-97-4,-0.6573990700326369
3875-72-7,0.3769389555279308
6360-54-9,1.317102368427895
21894-02-0,1.6116643119679819
4418-66-0,0.6142337997242597
5825-79-6,0.8737885360085489
122-00-9,1.2782892673557957
625-84-3,1.0443009229869538
67-51-6,0.8123469494102027
123-32-0,0.6875160862058123
147160-51-8,0.9422733088078381
147160-52-9,0.7525045807092041
53112-28-0,0.5284413854702011
108-50-9,0.8109764948857497
25724-50-9,0.5765502487786709
95-26-1,1.153604418452702
2216-45-7,1.415212451672888
64039-28-7,0.7664595436350866
5724-56-1,1.0895700971402476
61-68-7,0.8607744234785148
50892-23-4,0.7066967490306242
89427-22-5,-0.4551302223583852
1901-26-4,1.2353715877426217
28802-49-5,1.240506993051239
47000-92-0,0.06260821555540552
72-44-6,0.3278905978719665
963-34-8,0.3122777340539564
3214-64-0,0.5429903946935801
28562-70-1,0.9149697912684376
21312-10-7,1.0449741985340621
65183-11-1,0.22871658481644852
6358-85-6,0.5229210122526327
13051-49-5,0.799449740228205
57-97-6,0.7155667133609344
62450-06-0,0.15859519448135362
5910-89-4,0.6684372452822291
74050-94-5,1.6412898138949248
10049-83-9,1.2189315463461923
73840-49-0,0.6855631052199544
15911-15-6,1.17988991483643
431-03-8,1.3500527093546784
55290-64-7,0.6882632659448082
6092-18-8,0.8936606532747737
67-03-8,0.6972731374413845
21452-18-6,0.9564411593080402
17433-39-5,0.6671786994597388
10268-78-7,1.2508263414260896
4321-69-1,1.0903141370980327
5003-48-5,1.0835391003044625
19249-34-4,0.9764685910689583
13256-19-4,0.6030302426926824
111-21-7,1.6237261645202317
111-55-7,1.5807823148510458
7250-71-7,1.0720244974420334
869-29-4,0.7675966834885316
10140-75-7,0.2685331092424095
5459-90-5,0.49826787858716587
108-24-7,1.187880881814651
115-33-3,-0.03986188515185851
14008-48-1,0.39456243578764455
1466-82-6,1.226072738831899
2678-29-7,0.8362099074933367
128-37-0,0.7776690099352781
66575-29-9,0.3545072792104719
356-12-7,-0.06290303931457852
27726-31-4,1.0952036097396145
98-51-1,1.2196518882367926
15148-80-8,0.4004771864683926
36556-75-9,0.6538892088149775
75-97-8,1.5494236391366214
3204-27-1,-0.14339002566783232
5902-51-2,0.4372965227719938
540-88-5,1.5464725566103705
26944-48-9,0.1986525849172921
4785-72-2,-0.5512240440192091
22791-20-4,-0.5906700561725783
20417-83-8,-0.5584361290337019
16339-21-2,0.4184826364498899
3056-93-7,-0.01708971420703309
2889-58-9,0.8704653094049238
2094-99-7,1.0776630685141977
78-59-1,1.102069353928955
471-01-2,1.212202362643986
19213-12-8,0.5681778536571164
17191-84-3,0.35990892410925834
2873-97-4,0.9177652852360624
74277-15-9,0.49245316399686256
123-42-2,1.440557016524673
5986-38-9,1.1499166203376001
1118-39-4,0.9876334673425776
103-07-1,1.1077186860759634
151-05-3,1.1420277301088217
13466-78-9,1.6526770650874014
147-47-7,0.8790399512554037
15545-38-7,1.227248962569581
80-56-8,1.516130279541743
15440-51-4,1.1339230042708335
15545-42-3,1.0518452449296245
82657-04-3,-0.6035571846103629
79538-32-2,-0.894670969163438
128-51-8,0.9349302348741715
4478-63-1,1.326291388923622
18172-33-3,-0.8785249831873557
642-78-4,0.9651205507668307
1847-24-1,0.8284947091307429
13412-64-1,0.9482811761115532
23930-19-0,0.866854305122922
507-59-5,-0.5957194670032933
507-60-8,-1.3584610343906598
18470-08-1,-0.0375695907163206
13265-01-5,0.6507786919051033
1920-21-4,1.348339162981579
17702-57-7,-0.3542283705947874
14144-91-3,-0.22023630685220585
64050-03-9,-0.52965960568792
82875-36-3,0.7338850731707551
6923-22-4,-1.3161251114632373
49564-57-0,0.7818347576972149
5248-39-5,0.8780046795886873
3566-00-5,-0.4062614527042573
64748-15-8,0.43897716755204785
14628-06-9,0.08846876893648514
4116-10-3,0.620976216155295
51481-61-9,0.6426626296339176
34839-70-8,0.6494081352774073
14260-40-3,0.5474025734051412
21787-80-4,0.3786408564439788
1129-41-5,0.30163486890016467
21124-13-0,0.2958999722120994
57647-53-7,0.41194499408089813
644-64-4,-0.5097002657065274
58-15-1,0.44656501834174545
98617-19-7,0.052102136064506865
141-66-2,-1.1738515191001437
1165-48-6,-0.1096951327665232
69884-15-7,0.5460699458013167
68104-02-9,0.6946495029929602
2867-47-2,0.7028737502508691
102410-39-9,-0.08214470826376763
341-69-5,0.24701992288061075
74758-13-7,0.32231168791315956
31635-40-2,1.1124134358107451
99-97-8,0.6270289114676127
55-80-1,1.1050174548565035
21540-35-2,0.3021418898863413
7203-89-6,0.25061439503284255
15545-48-9,0.27459864766806574
28217-97-2,0.36450573011656184
132147-50-3,0.5225500035338717
535-89-7,0.1885268555327757
20240-98-6,0.2503880371611502
5810-11-7,0.8786436302325966
32150-76-8,0.18366331779404477
63979-29-3,0.5511364675067981
3789-78-4,1.0452537811879452
21677-26-9,0.978825303669435
127-19-5,1.4679754661065358
1933-50-2,0.39872015515316417
87344-16-9,0.1974648381980012
6493-05-6,0.7049701978055247
68-89-3,0.5918439398432811
88338-63-0,0.7934629102073134
25601-84-7,-1.592404410339267
22787-53-7,-1.6648834279241709
54473-31-3,-0.31757572006914603
98124-07-3,0.4113136208599597
87344-06-7,0.4340130016759315
550-28-7,0.9122383225237466
36304-84-4,0.4258359625822425
62783-50-0,0.5314143691626166
62783-49-7,0.6715876697079732
26155-31-7,0.20867042101481648
62783-48-6,0.7651619408053678
80-11-5,0.40007966844014986
31642-65-6,0.30044967723402394
93738-40-0,0.6434242626792143
64092-48-4,0.7422841596561114
30652-11-0,0.9872618389849789
27223-35-4,0.8892826506894319
79442-83-4,0.6986722297601313
60-80-0,0.6198774971290305
64049-33-8,0.33254631552165304
71561-11-0,0.7197423906550063
34375-78-5,0.6604432439824237
83-07-8,0.7467309847800185
7417-67-6,0.2267982042555745
3196-50-7,0.03418769244932063
60-31-1,0.6316549641138344
16006-75-0,0.7569081228497212
64011-84-3,-0.8953207883516161
298-01-1,-1.2376341840284542
57846-35-2,-0.0851183533091836
55-38-9,-0.7459941163412431
14086-35-2,-1.2272878370617524
3761-42-0,-0.5901592000882122
83-79-4,0.18057598928916851
4433-79-8,0.6871901543951093
65008-94-8,0.7033167308109363
30011-11-1,0.7350477453082497
5826-85-7,-0.4247659211356577
2255-17-6,-1.60935733401681
122-14-5,-0.8059419903198203
51356-08-2,-0.8307288196902762
22620-72-0,-1.611507740157819
2703-61-9,-0.45271170302734953
72732-56-0,0.09774391709676222
58186-27-9,1.3693777815902555
153-87-7,0.32675000091204387
82875-38-5,0.6991088036265252
185119-76-0,1.094217710859216
13265-60-6,-0.2616376521582984
1741-11-3,0.07536882908235454
3566-76-5,0.1967781885291695
3344-14-7,-1.2578575269709273
30560-19-1,-0.26705572255281806
22502-03-0,1.379227900065466
3131-27-9,1.3661576146674146
42924-53-8,0.884504668716596
122-48-5,1.0176974950748017
39562-22-6,0.879754779119361
105-45-3,1.3646105561447839
122-84-9,1.2572020499259315
5437-98-9,1.1392122530206785
3610-27-3,1.5296065646054189
629-38-9,1.5569317835861023
110-49-6,1.7262868847852775
93-51-6,1.0041480869896158
99-75-2,1.3434180167747858
13684-63-4,0.7599095646294384
80-48-8,0.9592675604470671
80689-16-3,0.8768969123102511
23287-26-5,1.2159268394848997
14205-39-1,1.1007330550747776
73698-62-1,0.6654195569207109
82-57-5,0.18886073903710326
64037-75-8,0.8632485573831996
64037-74-7,0.6655625686857123
50-07-7,-0.7083346151387155
20168-99-4,0.18309077518736694
27035-30-9,-0.053375199262003736
65189-78-8,-0.5331926133879156
53164-05-9,0.17178674582878894
62751-72-8,-0.11503056755130847
67369-98-6,-0.45975779935389127
60051-79-8,0.021622522119289944
31230-24-7,0.8281351335333826
94125-34-5,0.6554561889162676
5652-84-6,0.38162994053187727
38205-64-0,0.7539115035421697
22862-76-6,0.909553703082469
82273-25-4,0.8754173011346206
93-28-7,0.8702732735910875
2636-25-1,-0.6309435882967891
23793-23-9,1.0897871551666372
161193-03-9,1.110476689571085
3120-74-9,0.48799797399670175
14143-28-3,0.6157128645117846
1671-49-4,0.7497245809229809
122836-35-5,0.20825051086292057
4786-19-0,0.8028119775598851
563-47-3,1.311620019862863
78-85-3,0.8676985837355555
126-98-7,0.40445362877815527
30950-27-7,1.0298534488724735
79-39-0,0.7425425205561036
923-02-4,1.1212376080236812
19243-95-9,0.7115455663729557
2164-09-2,0.7535987074723662
79-41-4,0.8450526825188994
4513-53-5,0.5207504906249723
30674-80-7,0.6856045044409685
52628-03-2,1.2178906394825515
1464-69-3,1.0525514853004632
1888-94-4,0.4298646842687146
96-05-9,1.0358680702800283
2495-37-6,1.289664055964891
23395-20-2,-2.227305987236605
58458-52-9,0.9024324953948428
58458-54-1,0.961346023534474
58458-56-3,0.9221584275168312
756-91-2,0.660484822548311
89-25-8,0.8002293358655972
123312-89-0,0.35982817713309323
1071-73-4,1.4268390229898205
853-34-9,0.6637195233554469
5471-51-2,1.1510407533616716
123-76-2,1.2795317603889806
2610-86-8,0.23769171543514628
152-72-7,-0.21077664101970683
81-82-3,0.10542336055698642
53460-80-3,0.6949110923540367
102-01-2,0.984929927378481
93-70-9,0.78324624456489
78-95-5,0.4233423052216869
108-88-3,1.3328059042452125
21173-27-3,1.023649988018229
72239-30-6,0.28283429971756613
589-18-4,1.1982227978914806
622-97-9,1.1415895428859715
104-87-0,1.3079538366173629
104-85-8,0.8748992235161599
80834-73-7,0.13777477350059014
80834-70-4,0.11391628233622242
720-94-5,0.3014608972196856
6138-79-0,0.01715288367181733
56461-34-8,-0.43551687402767325
63980-34-7,0.7586789494045441
637-60-5,0.5476239535285339
622-58-2,1.0943437705739187
1631-28-3,0.6799739917534119
99-99-0,0.7781565560059248
26447-14-3,1.002148691129037
137927-72-1,0.560003004274579
614-34-6,1.2956258901162094
607-88-5,1.034811616674462
1424-48-2,0.7999177976406688
70-55-3,1.0868298269642427
21187-98-4,0.2630051774227635
1576-35-8,1.0000029756358013
127-65-1,0.7153248580398753
4083-64-1,1.182188291694688
80-41-1,0.6158759739626938
6837-93-0,1.3464817489023782
106-43-4,1.196601667743139
108-89-4,0.5335963776451726
569-65-3,0.01992992300748453
72619-36-4,-0.16545160701557282
91-62-3,0.7150421630401199
92-48-8,1.0504689979869761
1711-06-4,1.2196461023234186
108-44-1,0.4232751455463161
85-72-3,1.015174195980503
63-99-0,0.9531535487023047
621-29-4,1.1949882770810487
104683-52-5,0.27341425844880973
80834-68-0,0.06607020681049602
91-99-6,1.0219808534728683
29218-27-7,0.6908942875242519
108-39-4,0.8917224468856256
1596-09-4,0.9537461888481393
57933-19-4,0.18382523931078676
16154-78-2,0.5008682595315397
1147-41-7,0.9527278977459754
53988-10-6,0.5874490344519778
399-77-9,-0.7959755900774427
5504-68-7,0.7985251988086559
610-39-9,0.25834005788478676
119-33-5,0.867781679916231
2445-83-2,0.8518709157318236
92-36-4,1.0298851973630194
88-44-8,1.7439045678742948
57524-15-9,-0.039129627109970366
695-34-1,0.5498777804975101
108-99-6,0.5380217473997211
1603-41-4,0.4975118009217014
53179-13-8,0.6716718581722598
82159-09-9,0.45183085854499627
618-85-9,0.6547216912991145
504-15-4,0.9094042542701608
41621-49-2,0.7695487587212476
182349-12-8,0.15473577240443726
874-66-8,0.8365024065082391
27776-01-8,1.1808597874862707
72239-32-8,0.10456561940489517
50454-68-7,0.7255814238052383
529-19-1,0.9653742962437619
73987-51-6,0.9873805708074901
90-12-0,0.9944405050405895
2853-69-2,-0.26448987528787693
7055-03-0,1.0375642099877789
71753-20-3,0.19784808972271817
65871-41-2,0.9858537810500465
71077-34-4,1.236304792149146
95-80-7,0.5251876021741245
99-55-8,0.9819033572744796
95-79-4,0.7068394047894451
136-80-1,0.8567518313225707
93-69-6,-0.13803414492566635
614-68-6,0.8942977699749433
131-79-3,0.5550655898046721
584-84-9,1.5360264234042305
28005-74-5,1.0309714294267414
4067-01-0,0.7746338007376656
6422-83-9,0.6002560794856466
119-32-4,0.9797331080998858
121-14-2,0.4984342926089779
95-48-7,0.7228858863140939
2835-95-2,0.6398722566136379
6775-25-3,0.7347669804914375
59-47-2,1.1375047042795392
6055-48-7,1.2906304987013346
2210-79-9,1.0167784811750031
55543-68-5,0.9878167295967133
14491-59-9,0.7322093953181195
88-19-7,1.406406784084814
95-49-8,1.1966392550018896
95-73-8,1.2731542707655605
7745-91-7,0.854986522641439
90-33-5,0.9124439752599741
4394-77-8,-0.44721992915341946
53083-96-8,0.11449159406395915
2246-44-8,0.40881850322512353
4934-55-8,0.7027160247338036
95-69-2,0.6969234717710053
21787-81-5,0.8934915174512685
83-34-1,1.009523823143007
24283-57-6,0.38641708089200294
64036-72-2,0.6060110079166507
619-15-8,0.6694943470577348
2581-34-2,0.870226733467385
89427-10-1,-0.8909040401012907
83-40-9,1.1898278349043365
1570-64-5,0.6669527407306413
17514-68-0,1.1991401310147354
69226-39-7,0.9674510642160044
69226-40-0,0.8482041848009194
14863-40-2,-0.9996024121252394
644-62-2,0.7065754573461871
88-51-7,1.7080098010545006
89427-05-4,-0.7542621008445656
89427-04-3,-0.7660390910447357
1603-40-3,0.4718631207110656
100299-08-9,0.5311813055729768
2312-76-7,0.3413655447180137
481-42-5,0.6329273225820449
116288-88-1,0.6408784957112221
616-02-4,0.821585230465057
30516-87-1,0.4821838833297241
3056-17-5,0.7722355060184567
626-48-2,1.4553127758607585
56-04-2,1.0327301699476017
20344-15-4,0.3698817475856822
18591-81-6,0.348422670282863
1824-81-3,0.5204756047479981
72-80-0,0.7690722705169775
1453-58-3,0.9415046096772182
822-36-6,1.2023015692814303
641571-11-1,0.510518525247552
100365-72-8,0.9615188489163122
1131-18-6,0.7016291737042033
70803-10-0,0.8652298924890799
122-57-6,1.213868616734805
32979-83-2,0.7758029954143204
25398-39-4,0.7608899720560083
78-98-8,0.8036991032622501
591-12-8,1.1840353273927258
1013-99-6,0.8174130316827684
10004-44-1,1.0191651176022156
59-63-2,0.7242462643830573
723-46-6,1.257884094980443
554-14-3,0.8637041141146997
101030-71-1,0.8381973721682145
65489-04-5,0.11524938610708846
21342-85-8,0.6329157647988601
148-01-6,0.6122196007510271
823-40-5,0.38141199181116775
35572-78-2,0.5532107113149866
87-60-5,0.8389907090860229
13710-19-5,0.7308389294069264
17737-65-4,0.7167479175445707
606-20-2,0.512659756678632
19406-51-0,0.703406874264682
497-56-3,0.3543667569916974
83-42-1,0.8111689331018977
608-25-3,0.8039117658365472
4467-21-4,-0.5500972638838639
321-55-1,-0.50154932520783
77605-73-3,0.6134332710577253
89427-03-2,-1.0452657229303033
89427-23-6,-0.7507101913637401
89427-24-7,-0.7645623390105754
89427-21-4,-1.1755623531058772
89427-36-1,-1.342379106349307
89427-40-7,-0.91291450862253
58348-97-3,0.27476740412014783
28782-19-6,0.18139882300329468
89427-31-6,-1.4780541659015256
63498-62-4,1.2866201343389583
4228-99-3,-1.2090851479731723
147-61-5,1.671607027349037
78415-72-2,0.7050170572019346
119615-63-3,0.5926197103361027
15878-08-7,0.5188105220561927
520-09-2,0.34864300944854354
6814-58-0,0.6513587216227994
106266-06-2,-0.6973429181117604
144598-75-4,-0.7808283193242822
1003-52-7,0.5854806620080177
17364-41-9,0.9661285204605997
524-36-7,1.1354847224553444
58-56-0,1.3318313249637757
876-85-7,1.0495869360438632
13331-81-2,0.908997007212623
73987-24-3,0.48000328370374845
73908-94-8,0.953297080755154
82-82-6,1.439856901559759
73839-78-8,0.7723216751652136
2856-75-9,0.5305384480148272
59035-98-2,0.5708191951319747
7331-25-1,0.27230742767257643
109293-97-2,0.8917081651048069
39242-73-4,0.8777251057418196
126055-15-0,0.8995442925836665
63979-28-2,0.7122888567980608
23696-28-8,1.1333217917124259
98-86-2,1.3271384619690771
735-52-4,0.5281781435914962
42018-31-5,0.9115882626389639
99-03-6,1.0041647810845
121-89-1,0.824001965163297
53944-40-4,0.5199519129549098
72492-12-7,1.4303728286351256
40187-51-7,1.1686085043926417
110147-48-3,0.4232975560054646
89-84-9,1.0233524669469312
1122-62-9,0.891481208865426
25201-35-8,0.7494926569996527
24691-76-7,1.063493600096586
5234-68-4,0.8847428587119102
5259-88-1,0.9979628068213738
24691-80-3,0.6234175829342976
75706-12-6,0.3017245690960244
118-71-8,0.7767794937317088
17334-68-8,0.4859251428082788
25506-01-8,0.7432187521541671
60583-65-5,0.9499917751720852
62-55-5,0.313315555060366
4104-14-7,-0.3584624100230762
364-98-7,0.6789171986353583
142-26-7,1.6199793209368303
616-91-1,1.1393005024681635
103-84-4,0.9070757131888797
3366-61-8,0.8738642206501891
103-90-2,0.9131229993497144
5221-42-1,0.984955960355866
83003-97-8,-0.6393578313172199
13067-19-1,0.6480356366726465
2621-62-7,0.8602038922279348
38411-17-5,1.0540523505214876
110882-70-7,0.7263056441231885
5663-71-8,0.923582351447369
17433-31-7,0.8417239797382321
546-88-3,0.8397006072284922
637-53-6,0.3590287686400555
55661-38-6,0.3555491248565926
13750-62-4,0.8055654545457949
443-48-1,1.2469607301462808
74298-63-8,1.0048701311979853
59467-70-8,0.8094194221447533
21721-92-6,0.9455584780278672
1943-27-7,0.17841537741536473
2532-91-4,0.8580492661407763
41394-05-2,0.5899916099188438
57726-65-5,0.3907358981900133
109543-52-4,0.3938338230255729
144-82-1,1.0843448961745477
65277-42-1,0.12973159042117377
1696-20-4,1.3844576706473342
4091-14-9,0.5630299589646122
507-09-5,0.8764520263904301
20206-80-8,0.3190245175581591
21722-83-8,1.4499051152331033
103-45-7,1.3530447858456238
22031-33-0,0.7546789774495035
542-59-6,1.5263880542058277
542-58-5,0.43915876872570303
591-87-7,0.9193157888563482
103-54-8,1.060381906847418
627-09-8,0.43680787298960533
1001-55-4,0.8057101162210052
140-11-4,1.4320076370849586
326-61-4,0.9125983201793151
93793-83-0,0.43106781618912826
1515-76-0,1.1738606703450711
622-45-7,1.417656104377798
83145-58-8,1.11159695316577
15667-63-7,0.5266821844891967
117568-24-8,1.130928477123763
13838-02-3,1.03418236697256
90-17-5,1.2811012848058405
21757-82-4,1.0996876320489344
74548-80-4,0.08674885187991777
3061-65-2,0.3244905341226929
13031-41-9,0.7686968302321902
50594-77-9,0.4541976589184703
50-78-2,1.1158929763220222
22494-27-5,0.7899601832667644
322-79-2,0.4739048744119264
79-21-0,1.010307961205673
63123-39-7,0.5919813250492407
75-36-5,0.8581879003065175
68515-88-8,0.8851809467883488
71878-19-8,1.139492351850985
26741-53-7,0.648667509534341
41484-35-9,1.4267744868597938
6029-54-5,0.6865923050124204
15721-78-5,0.6935085326227717
732-26-3,0.9336444599222589
61260-55-7,0.46561240799956066
76505-58-3,0.36866289681187037
85438-51-3,0.9624542682811669
64019-93-8,0.8615453879140369
2655-19-8,0.045647355585440974
88-27-7,0.27942274777141607
87-97-8,0.8247290705365373
43064-33-1,1.5189949493243144
10537-47-0,0.2524228905906014
69425-13-4,1.164124636447156
1421-49-4,0.4944896737134361
728-40-5,-0.07985280375697412
96489-71-3,0.9329044724348929
3006-86-8,1.6859228986797716
76858-38-3,-0.705565024726111
121-54-0,0.7502191514970743
140-66-9,0.7546583454109643
9002-93-1,0.8446879324563827
107-45-9,0.30193682798521493
141-59-3,1.3440859908613554
50539-70-3,-0.6188991089929837
3457-61-2,1.0172092648348785
57910-39-1,0.18536913109577124
98319-26-7,-0.25702122466607247
6320-14-5,1.1428309025260552
63919-00-6,1.2527788422226578
36768-62-4,0.30666662361421837
826-36-8,1.0551805542090833
2226-96-2,1.1470509048958786
2896-70-0,0.7702182485004117
76505-59-4,0.941861977347414
78-67-1,-0.23069270817502907
64257-84-7,-0.06280842045040325
2778-42-9,1.123270370040856
2997-92-4,0.06427817639109801
721-26-6,0.4560517737821579
80-43-3,1.072458008500124
14929-11-4,0.5930102643823945
52508-35-7,-0.12653938508287776
65323-13-9,0.5199224106733131
34014-18-1,0.06023033405863276
39196-18-4,-0.711075586856799
24814-29-7,0.19068426812651684
98477-07-7,0.30403670629853197
17578-44-8,0.18246207262647474
64632-00-4,-0.3177675154920102
55861-78-4,-0.010640533444324696
34205-21-5,0.2684166764150232
4849-32-5,0.39667275047933614
83940-41-4,0.5983520056787187
124978-79-6,0.4916895855435002
55511-98-3,0.8341706345911131
79985-92-5,-0.3457352646737858
18470-10-5,0.8156286609179668
121-00-6,0.7726985754506732
5902-52-3,-0.27600628075927414
60853-38-5,0.6794635018380722
92929-94-7,0.543977868843081
1634-04-4,1.4434917255846458
39195-82-9,0.143895211461473
21087-64-9,0.39260848354787736
39196-10-6,0.7991927142584082
39196-09-3,0.6567365995257394
68955-53-3,0.44299383757924005
68938-07-8,1.2165767986443337
59354-78-8,1.149130564981042
61925-70-0,0.3369363177435599
98-53-3,1.0872520592216077
76738-62-0,0.8541748360502911
75736-33-3,0.5641502790183348
13221-27-7,0.5334138677544759
66346-01-8,1.0231402836553558
59997-51-2,0.6249416728627208
24473-06-1,0.895911793809745
13547-70-1,0.8998128596111198
98-06-6,1.210956400511836
18127-01-0,1.2094234529494696
98-73-7,1.1373949567075705
56488-59-6,0.6800955063881624
2312-35-8,0.7861109136689066
3671-67-8,-0.5470132124072832
98-29-3,0.5759326276453712
89427-06-5,-0.49376713368347735
88-18-6,0.9326829077724105
107551-67-7,0.9513018732833607
109825-47-0,-0.3153476423673389
63938-45-4,0.5562468747898158
83-26-1,0.7163154275712917
38083-17-9,0.2761492959985009
43121-43-3,0.6067184232012724
22591-21-5,0.5592075255003498
1492-02-0,0.9106112185014567
107534-96-3,0.41666226579733445
75-64-9,1.114457263998409
59227-74-6,0.18081607191263438
4620-70-6,0.8765538658481843
87787-67-5,1.3636737195270687
42200-33-9,0.3972080100954596
27912-14-7,0.5368049917705857
51781-21-6,0.5169492447034781
23093-74-5,0.5471311617331446
38363-40-5,0.2500129358230907
35108-88-4,0.5410839985996602
54247-25-5,0.1582699099542184
26921-17-5,1.5793417724691332
68377-91-3,0.6414551367002043
18559-94-9,0.809548359512353
54240-36-7,-0.28853278077272604
21898-19-1,0.4186668430283448
56776-01-3,0.3902375016238271
79645-08-2,0.773028689650457
60559-94-6,-0.28765027321691217
57982-78-2,0.5484199228109861
2160-93-2,1.2595433752596814
112226-61-6,0.6684012917766401
75-65-0,1.4493484529162366
7665-72-7,1.3807562302722811
1663-39-4,0.8881874036780366
398489-26-4,0.8562852457903505
75-91-2,1.3409747516852764
614-45-9,0.9925384028079225
75-66-1,1.336852550865237
4098-71-9,0.5758157279893112
7027-11-4,0.5388986357894815
21280-29-5,0.4115734786445991
1740-15-4,0.7610487572376564
76-29-9,0.8203428558448665
79-93-6,1.2866732193554022
58-18-4,1.169192275471385
116-06-3,-0.9960586557760597
1646-87-3,-0.4881807727912678
1646-88-4,-0.4030765927007376
16146-62-6,-0.01837406771115635
4790-92-5,-0.7072774896368504
16655-82-6,-0.3395236862068989
66637-25-0,-0.9264497475804233
106358-92-3,-1.242523885010867
16709-30-1,-0.7016688689908774
59375-53-0,-1.5736258118192188
59375-61-0,-1.9917765512927366
22781-23-3,-0.5528319741937673
59375-67-6,-1.7871635569128208
106231-36-1,-1.2694618097875197
71108-14-0,-0.36809512113057197
1249-84-9,0.0453957536407259
69784-42-5,-0.366007076398949
122-15-6,0.012810578179732524
4757-55-5,0.29843782139736097
92320-57-5,0.17449966817307017
54504-70-0,0.3056235892971746
3648-36-0,-0.4012602337799157
75096-86-5,-0.9356160569842361
50539-80-5,-0.8975706772319196
62382-23-4,-0.4900964676320788
32891-29-5,-0.08383789525035679
50539-66-7,-0.7540818071963806
50802-69-2,-0.9352301557109036
50673-10-4,-1.110464944482231
50673-11-5,-1.092728516993797
50539-76-9,-0.6808492638341179
37430-50-5,-0.563155632959326
127-48-0,0.4116039476773848
71108-21-9,-1.185144498321473
22198-93-2,0.4962918661281691
123886-70-4,0.07213426114938348
123886-68-0,-0.38772858703194313
123886-69-1,0.026294562933699916
111038-47-2,0.546889041268596
15440-46-7,0.61929075672215
123886-65-7,-0.034642620383865674
57897-49-1,0.1254505075994916
123886-62-4,0.48451145355860686
31652-69-4,-0.12748820071465738
1646-75-9,0.02010457503810592
71868-10-5,0.4513229371515245
25841-41-2,1.2510753000030643
3680-05-5,1.5746387759990488
25841-38-7,1.1823427497849355
25841-43-4,1.391443759496414
163000-63-3,0.687047577425983
17557-23-2,1.3736119811283134
1471-52-9,0.39788910760340723
1755-97-1,0.6083456539055242
10232-92-5,0.8571034203682214
6362-80-7,0.7493041857854045
2654-58-2,0.5900925905241159
81777-89-1,0.29854434094246507
1955-45-9,1.4833907583080115
10389-72-7,0.3594116648384536
36981-93-8,0.7514579913897766
51200-87-4,1.1545513543504065
15214-89-8,0.5164478187574626
24458-48-8,0.0993529639035069
543-39-5,1.0981312607851883
103-05-9,1.1163061661983404
100-86-7,1.0680255011381379
1320-94-1,1.2737637547439549
50539-73-6,-0.8133956907793038
50539-74-7,-0.8636259563716635
99599-74-3,-0.07127907724230997
99599-78-7,0.41965659337163874
558-30-5,1.2628657141665105
2978-58-7,0.2805647058200418
32889-48-8,0.21905726683704763
115-19-5,0.6400758769310003
564-94-3,1.4257156128038138
127-91-3,1.370335159748163
22431-62-5,0.289330972033512
58769-20-3,-0.5682768614608898
52645-53-1,-0.112750783830599
75867-00-4,-0.280625931092953
68359-37-5,-0.8333220273854669
80803-92-5,-0.3185223582894383
73611-02-6,0.9581112827409564
128148-93-6,0.5091358230186318
15440-48-9,0.9159175144819445
4697-14-7,1.117570941945238
35531-88-5,0.33254999525230206
599-64-4,0.7330321584086052
2444-90-8,0.8778940599693458
13080-86-9,0.10257594671860959
2089-46-5,0.09623196944345747
79-95-8,0.4415139230466468
54-36-4,0.7074661378883825
826-54-0,0.6592045703229112
832088-68-3,-0.6774621554095182
63612-50-0,0.24799119157324934
6440-58-0,0.8157839265459128
118-52-5,0.47992508667332745
126-06-7,0.5162937610841009
16079-88-2,0.2376023892461877
7473-98-5,1.0642324435680264
106797-53-9,1.1424115566599662
80-15-9,0.8279148234094267
24201-58-9,0.32963202640448985
41859-67-0,0.5816532671185518
3771-19-5,0.5425760352384733
42017-89-0,0.7527872630507899
21550-30-1,0.684579039539213
63979-37-3,-0.1952727127869025
64118-86-1,0.12913933954009726
121776-33-8,0.3299992165647321
63883-18-1,-0.08966764080936152
4362-40-7,0.3961628901535549
53-10-1,0.48932172833554305
2181-04-6,0.26270184389821516
6000-74-4,0.34187831725133616
29069-24-7,-0.3993854551625742
20231-45-2,1.2033686160613901
20417-82-7,-0.8936287420009287
20417-84-9,-0.698766453914782
154619-58-6,-1.3074427509044177
562-09-4,0.08033641743799125
154619-91-7,-0.9663470115747445
154619-64-4,-1.3150609208641182
154619-56-4,-1.1932022485376816
154619-66-6,-1.1695300127461352
72150-17-5,0.5593259226399514
14641-96-4,0.08346327285119792
518-20-7,-0.1323442033056439
3032-55-1,-0.01900358948546954
822-48-0,0.8572930851161731
115-69-5,1.4457241618416656
3692-18-0,0.5395083689770823
2018-45-3,1.3488294044563203
52205-73-9,0.5665169139989671
6147-37-1,1.004169783436919
1899-36-1,0.6432936625820173
3175-23-3,0.8593894999348068
50471-44-8,0.3146106205811845
2033-94-5,0.8734400845326478
11034-31-4,0.439379613480706
80-06-8,0.6995737475391983
72420-38-3,1.128109318342963
127-20-8,1.1502075730984742
136-25-4,0.5417104632858996
71-55-6,0.4902445421266409
3688-85-5,0.38019119195811923
1754-58-1,-0.8730339899145007
561-41-1,-0.04802513780400586
23135-22-0,-0.5481261467438664
76963-41-2,0.44277258105333694
23422-53-9,-0.2086538620738415
50335-55-2,0.1679951074780328
3311-54-4,0.3109415989644722
23504-07-6,-0.09637338003489848
17289-49-5,0.6901946510231947
13256-32-1,0.05225305124959123
6884-59-9,0.026400374074073474
86360-33-0,0.23527239517520537
49701-24-8,0.6981947326309372
1113-02-6,-0.3899771064344074
18278-44-9,-0.11418418632159943
3344-11-4,-0.520554228698235
18188-17-5,-0.042747628499036794
54708-68-8,0.5526098628674637
15037-58-8,0.07240340550440116
20253-72-9,0.28841736096925297
16637-86-8,0.11513465507588683
16960-40-0,-0.6752666470813631
1421-68-7,0.877159132682974
1225-55-4,0.2971950321348117
10262-69-8,0.722546318203686
60070-44-2,0.30561017023197945
60763-63-5,0.2583692242406137
6291-84-5,0.799359081511401
693-05-0,0.9995832119018596
54910-89-3,0.3936038950653369
109-83-1,1.3957169317615896
13055-76-0,0.31668437137005834
25756-29-0,0.5548024006191756
14489-75-9,0.33909719162539975
10085-81-1,0.7448356201589752
123-39-7,1.0375522961058132
100-60-7,0.5117105618707779
58-25-3,0.5149859650256161
6330-25-2,0.8640488689594087
100-61-8,0.7144853485900868
1220-94-6,1.0825511373936452
2475-46-9,0.9721232483650037
60439-52-3,0.17071131845718396
63906-81-0,0.6140068710845945
284462-37-9,0.5174817035157885
757251-39-1,0.5035370291597209
882167-77-3,0.478338095006154
1674-62-0,1.5402310094414662
598-52-7,-0.05070450886688194
165252-70-0,0.3751070191539366
6610-29-3,-0.4618747999081567
1966-58-1,0.3587351313219822
1943-79-9,0.37605860423668436
13792-20-6,0.07440644082893133
13792-24-0,0.02278345216805877
3282-00-6,0.13199830111796806
7070-71-5,0.26267171324400196
6988-21-2,0.2402116705132924
6842-34-8,-0.3350130400628235
63-25-2,0.3420526821695773
5721-72-2,0.4221182810860422
3279-46-7,0.04643630588010361
3942-54-9,0.13055473255944472
13792-21-7,0.422169256320847
24031-96-7,-0.5751303005041495
55391-34-9,-1.0730552629556551
1631-64-7,-1.155588292176717
1867-66-9,0.3576434537115502
7339-53-9,0.862840027870377
130365-37-6,-0.530573378593178
91893-37-7,-0.5906233845874063
63991-43-5,0.7778160002228681
51068-60-1,0.5255625677813931
8004-87-3,0.3946293021468428
34544-12-2,0.16551811297679708
66952-49-6,0.22148240951977627
624-83-9,0.7734010280629828
54266-55-6,-1.1759002202814877
54266-44-3,-1.036394714559532
16033-21-9,0.36276852821159344
40643-39-8,0.4089058877566183
40843-82-1,0.4233603383267952
40643-36-5,0.11887073056667052
152-16-9,-1.1446875524988531
90-72-2,-0.17511191828772654
645-05-6,-0.22526078496782675
15112-89-7,0.9977336238851738
548-62-9,-0.09208588819966435
6711-48-4,0.27279848415367014
110-95-2,0.5842552031619277
110-18-9,0.7357265887397036
74758-19-3,0.28087607389253666
132050-00-1,0.5378377885802325
61-73-4,0.1260898028225932
2782-91-4,0.6536083221361809
5836-23-7,0.7671858814695773
137-26-8,0.9507358886532195
1031-47-6,-0.3541777234391986
115-26-4,-0.5801969555235988
1703-48-6,0.5874323194119058
75-50-3,0.6710516536387809
60662-16-0,0.257097273042155
51235-04-2,0.7053005831972108
3475-63-6,0.05328737349527202
16339-14-3,0.462673860595213
437-74-1,0.7966759521850874
157309-18-7,0.31190195404787113
161559-34-8,0.5197051991874909
58-08-2,0.31436450691080553
5426-89-1,0.8221738587427225
15876-67-2,-0.19245579265503754
101-26-8,-0.4737601023049808
114-80-7,-0.5620736180823689
5373-42-2,0.6254900488333373
50-62-4,0.4186631998152047
35115-50-5,0.3490548925510417
5974-09-4,0.19218281345915977
56066-63-8,0.4954037929442301
173159-57-4,1.0377093347540551
52-85-7,-0.8542183237644861
481-49-2,0.2914627628670935
61-01-8,0.22427190554854703
76579-52-7,0.744174857581857
54708-51-9,0.4417166948543918
19937-59-8,0.3805025653458415
35972-50-0,0.18203526716059149
35967-28-3,0.06735931530553552
116476-14-3,-0.19909211251759518
27848-84-6,0.08307132231627057
34661-75-1,-0.20955555937517267
1039-59-4,0.2145001831475183
18995-99-8,-0.46161685600339963
5310-55-4,0.08578977965832102
109-55-7,0.645743965657507
10563-29-8,0.799700525926207
20064-38-4,0.1390905449584573
303-70-8,-0.020105788864329455
303-49-1,0.32965568548384966
53-60-1,0.4115072654148485
24268-89-1,-0.16833353465752543
50-53-3,0.18094725396014666
1225-65-6,0.17263871833646544
16398-39-3,-0.460274066791972
4755-59-3,0.4460194817599561
3179-63-3,1.1599276804086571
132-69-4,0.6303346603897599
14286-84-1,0.050497217384768756
4510-65-0,0.17864005242873504
113-59-7,0.06801390568368149
1738-25-6,0.9488367557006459
132-20-7,0.03311091744521577
132-22-9,0.33173283060502884
511-13-7,0.2797437772418856
2045-52-5,0.36101156947601254
59-32-5,0.32628537006631947
958-93-0,0.6672380440123049
108-01-0,1.3350720459076308
13877-99-1,0.09311418989225906
518-63-8,-0.08453417254115836
1176-08-5,0.47202663799705824
26615-21-4,-0.24918954956808015
102207-77-2,0.5727677278902833
2439-35-2,0.6714978461116954
71-79-4,0.5843586197066779
4584-46-7,0.2530399680550147
16607-80-0,0.5392561719566552
103-83-3,0.48925398830797373
21140-37-4,0.3021692443783767
102410-20-8,0.41991339282464524
55363-08-1,0.2088768504767261
2407-68-3,0.768703828711445
5376-09-0,0.2431025470556497
68-12-2,1.1605740295552125
1467-79-4,0.7666640167749816
72575-46-3,0.13721692531501395
2585-36-6,-0.03096418087248054
17606-31-4,0.15520976811633258
64-73-3,0.3578014210665553
2013-58-3,0.6962009718235738
789-37-7,0.7817555099197899
6434-38-4,-1.7284412687007324
59721-29-8,0.5555352195392398
121-69-7,0.7519921003772639
838-95-9,0.9022919264507255
60045-43-4,0.11677108673410769
60-11-7,1.0354548203244225
547-58-0,0.8643516474904231
20691-84-3,1.0787958364467405
17576-88-4,0.6511190833109674
140-56-7,0.24144715587382104
5882-48-4,0.7305962709383583
7152-80-9,0.5278029599530654
1122-58-3,0.7922293238114153
100924-68-3,0.6471070923025843
28743-45-5,-0.07344247224803935
2680-03-7,0.6108242497348269
74957-49-6,0.4325992285208541
957-51-7,0.7923393221936963
89427-43-0,-0.9078348025486305
195252-02-9,0.029572990432540802
1778-08-1,0.6709728626776164
63887-52-5,0.4764567402073785
85815-37-8,0.6130494520936153
52777-92-1,-0.24520420448470148
106900-12-3,-0.34775150651719955
1609-06-9,0.4725486785032371
1115-70-4,1.4298686023758393
28805-78-9,0.13933355456174712
101-42-8,0.5850759792105495
1982-47-4,0.5846859621629549
150-68-5,0.555401318189985
2164-17-2,0.09054053713925303
27954-37-6,0.19001818757324473
33439-45-1,0.6499714857159133
3134-12-1,0.6784035924645384
21709-44-4,-0.8002504938981329
1016-46-2,-0.13355681437221545
89427-20-3,-1.3017816842766523
25900-68-9,-0.20453376125266254
62850-32-2,0.39395622472505754
79-44-7,0.5423435614419455
3226-36-6,0.6034979670461966
31848-11-0,0.26901556616999545
1596-84-5,1.055395812991132
7227-91-0,0.2737119582648242
7203-95-4,0.24906521129362835
33330-91-5,0.3817132787099463
7227-92-1,0.11901509710634339
7203-90-9,0.2662016664725728
7239-21-6,0.3030406377039777
23456-93-1,0.8184005450390187
36120-57-7,0.15443875827644038
19992-69-9,-0.12671700037208644
33330-89-1,0.10897508365550057
4342-03-4,0.06927122836264754
62-75-9,0.2593508128796205
63886-55-5,-0.4127373376168041
22850-19-7,-0.2753051954711131
99300-64-8,-0.38574517555534293
91893-64-0,-0.10252494090456254
91893-26-4,0.146629983559452
85977-49-7,-0.6614582599057085
36014-72-9,-0.88009111614574
1085-98-9,0.6624340894417465
13360-57-1,-0.015030541556295463
533-74-4,0.6103379792894708
13863-31-5,1.1566632729130488
7226-23-5,0.8758654610034801
80-73-9,1.0998351168339693
13256-12-7,-0.1653661223788947
83-67-0,0.28946330747121063
81995-79-1,0.1956494963237443
107007-99-8,0.5002724056774901
81996-52-3,0.4806289739509383
87798-85-4,0.3498421224115591
79712-52-0,0.517662741288971
519-37-9,0.339201668222765
79712-53-1,0.5125330338855765
69975-86-6,1.0230576333641188
652-37-9,0.5523248816905028
7601-87-8,-0.08628136427757205
68789-89-9,0.09314635235736035
43222-48-6,0.33361162966980007
89805-39-0,0.3658940682075249
128-62-1,0.2921586175445391
29173-31-7,-0.4817178554445747
115-37-7,-0.05587530975979005
3176-03-2,0.1884304168837263
64951-25-3,0.2711969521846631
14419-01-3,1.1674724111993977
24141-01-3,-0.12387802964683359
69353-21-5,-0.3947551777991456
63-75-2,0.9006563505910282
139886-04-7,0.5874016099380734
39885-14-8,0.47202724931578643
66794-74-9,0.6882732106825429
14759-04-7,0.3292393366563689
22958-08-3,-0.5893062751135918
5965-13-9,0.12172858161005984
125-29-1,-0.06607404344527845
52-28-8,-0.003221320065137756
3688-66-2,-0.16645124100156172
56796-39-5,1.2164007714076785
1746-81-2,0.4369497575705405
330-55-2,0.4419013500020439
13360-45-7,0.24931012401884267
5588-33-0,0.2330410903850763
23903-11-9,0.41239916378936275
1555-58-4,1.1866534069905377
1229-69-2,0.43877860034605837
86-12-4,0.60545471803679
53-89-4,0.22754459349210399
132-18-3,0.5318648170046121
1057-81-4,0.41292807981121604
57081-55-7,0.5125124710302988
29075-61-4,-0.17951714345360492
15574-96-6,0.2316821741575803
34580-14-8,0.24313131595561027
969-33-5,0.16354793596053563
60086-22-8,0.026946917814183013
78104-11-7,0.13639411025040227
72468-85-0,0.24994232753947543
440-17-5,0.14943903956825555
24632-48-2,0.6131580549832404
56217-90-4,0.40377638130642957
29868-97-1,0.49239348080563483
33354-22-2,0.49734893922349166
57342-05-9,0.37446842461679003
24140-98-5,0.10138503606730676
22487-46-3,0.3760881901668983
106017-08-7,0.7038854678792485
1977-11-3,0.2070746988031978
5786-21-0,0.1525490048870941
1977-10-2,-0.11034047136299607
14052-80-3,0.6303522398339929
16339-07-4,0.5259335879527303
63905-05-5,0.4833858995615289
55-86-7,-0.2588473179865839
17780-75-5,0.21402986212954556
1553-34-0,0.38386645447486095
2975-36-2,0.4583973971426103
1982-37-2,0.43595504891374304
31139-87-4,0.2551786609799334
23327-57-3,0.1205895780312698
306-07-0,0.46726517570402554
150433-14-0,0.5240700740803317
24600-36-0,0.5690644976426491
5060-56-0,0.16975466385764465
19974-69-7,0.18977999461931017
22952-87-0,-0.16144955413164208
54-11-5,0.2866946507370233
60634-70-0,0.009256634066397207
54301-19-8,-0.2972178728528938
32033-21-9,0.32139733445176033
74627-35-3,-0.4083450057443565
51473-23-5,-0.041068460390853656
24381-37-1,0.5403510146245594
125-52-0,0.27125835037175994
872-50-4,1.1796547999286622
93-90-3,0.9415459677636641
6232-56-0,0.695929401606578
88475-55-2,1.257884668578237
2079-00-7,1.577156748527547
27942-00-3,1.1967024182344472
59-05-2,1.2197066943509474
68787-95-1,0.10360608492919177
21820-82-6,0.23382922359430047
153719-23-4,0.0009908702454981544
63906-70-7,0.7121483129959953
3655-88-7,0.7355752111056232
51026-28-9,0.6913811753793293
13256-11-6,0.5728407457546519
16339-16-5,-0.4247030256829404
46948-72-5,0.8193417404754427
4960-47-8,1.2216896053150013
77639-70-4,0.4791424173399873
132907-72-3,0.592796479728817
60-56-0,0.013651945487797468
446-86-6,0.07010687135937477
7560-83-0,0.7443995634373575
132-17-2,0.2117215671222431
2169-75-7,0.359891652700048
51-55-8,0.3358865454951978
80-77-3,0.821544849134159
5571-97-1,0.5927115956344676
13131-19-6,0.3374847714413637
5432-28-0,0.40747885995815303
64057-88-1,0.4406232330034987
63716-37-0,0.2769727197861277
3543-75-7,0.23984832726749028
80845-35-8,0.24037335155235318
7492-29-7,0.3889028557695182
2011-67-8,0.15067002575278238
1622-62-4,0.7486902377502568
3900-31-0,0.9183646023187688
5903-13-9,0.10234138129499526
74859-42-0,0.6291836561785764
63744-49-0,0.4745132574507528
13993-65-2,0.14894522503901453
124824-14-2,0.3101108002660532
84542-20-1,-0.11596889562400059
84529-63-5,-0.025008445413933766
84529-59-9,-0.5360928804433109
64037-23-6,0.4923862904322225
1740-11-0,-1.833668214842823
63755-05-5,0.68926028121712
20354-26-1,0.8165303880199551
614-00-6,0.4965921365614798
7431-19-8,0.7580110809888784
99-80-9,0.652153953548548
69781-06-2,0.6075746255746431
16219-99-1,0.2591087637010437
69658-91-9,0.2804255342246247
25505-98-0,0.654207619288701
684-93-5,0.3838546604667423
70-25-7,0.4996222428095375
13860-69-0,0.5105014738424883
1084-23-7,0.988762751618548
2682-20-4,0.4485404214362153
631-93-6,0.8773815770782956
34042-85-8,0.7677559329408163
59804-37-4,0.5363074283070324
123277-33-8,-0.18160160758658428
90101-16-9,0.6429323250253118
39794-99-5,0.08245193774981974
535-83-1,0.7983550017206014
2447-54-3,0.027121728765294617
14901-08-7,1.2423346937365922
75-52-5,0.35670544621159384
1420-40-2,-0.030032008272781185
60-26-4,-0.1114070808510963
69-27-2,0.17374471926263801
13254-33-6,0.7763340606976092
32765-81-4,0.09795217639430187
44992-01-0,0.21881888268634764
51-83-2,0.9377536249012823
987-78-0,0.03757465853130448
999-81-5,0.023875308185289934
2758-06-7,0.542412435740502
5110-69-0,0.5513004043983643
6645-46-1,0.7874828695656522
56-93-9,0.6032518065335601
35035-05-3,0.6110747067615309
15302-91-7,0.8631016339667488
62-97-5,0.30779259366516126
596-51-0,0.2625504100326017
561-43-3,0.21772226620154234
13025-69-9,-0.45632320909978086
14652-09-6,-0.4566843680591257
4317-14-0,0.309777505524366
2747-31-1,1.053375311964995
3688-65-1,-0.15977780318592127
15351-05-0,0.01210233450636311
30817-43-7,0.4566142654689056
4269-88-9,0.15715453305304544
144-12-7,0.3952543204213299
21216-78-4,0.23369488351446954
35425-83-3,0.030274622861371947
71731-58-3,0.8766302998683466
7529-22-8,0.8410453973789523
302-70-5,-0.044424585144617
101670-74-0,-0.39972418716365654
63516-07-4,0.04577237963884517
63869-28-3,-0.40737577402172354
24815-24-5,-0.023510971577856865
50-55-5,-0.16177021138400416
1062-48-2,0.8301259266665116
122185-09-5,1.5633811813137855
1178-29-6,-0.25738220526136735
6429-04-5,0.3219949396806001
81182-04-9,0.32074228989055664
4880-82-4,0.2834722766065782
6879-02-3,-0.0632453016035266
122-10-1,-1.2825000771274893
1795-58-0,-0.021190339217738163
3700-89-8,0.31587848486510506
76541-72-5,-0.9012077480686719
690-49-3,-0.34802771862348303
3383-96-8,-0.5788580512213723
3356-57-8,-0.07983750927888167
1174-83-0,-0.2214437331008572
2782-70-9,-0.30583292973987886
5930-71-2,-0.18010752893179616
37894-46-5,0.7348048942940695
1067-53-4,0.6342911831969053
53808-87-0,0.6788149724125871
58306-30-2,-0.056889824842617065
919-76-6,-0.4103184965410812
751-73-5,-0.19159195834889686
35543-24-9,0.5447135535977465
41716-93-2,0.6429804776833317
26328-04-1,0.2978254925268562
82697-76-5,0.4613741739051237
635-41-6,0.7822649295478304
35619-65-9,0.7486480584025805
5914-66-9,0.10824981801613343
1532-12-3,0.7633692459507149
102324-40-3,-0.09419991472499412
101477-54-7,0.602315745835703
2778-04-3,-0.537261425025412
15037-64-6,-0.2388633407236398
3581-11-1,-0.4283406798000243
950-37-8,-0.540709430646583
2487-90-3,1.4311615845163153
1760-24-3,0.505278313569543
15396-00-6,0.6425172218576436
2996-92-1,0.8653228766617995
121-45-9,0.9881342353083769
512-56-1,-0.4464595714440175
3069-29-2,0.7430277063388326
17865-32-6,1.322650448770704
3027-21-2,1.0778144376744
2587-90-8,-0.9167785258260197
4752-35-6,-0.7700118291827681
54473-43-7,-0.6330364957106771
3254-63-5,-1.2895708161137565
3070-16-4,-0.838318271264195
152-20-5,-0.3437446529500079
2953-29-9,-0.06409331919582717
6504-77-4,1.0227482387528217
110-71-4,1.6463454389079266
111-96-6,1.6548882970614138
143-24-8,1.5642180034481625
71850-03-8,1.4043557296680886
10232-93-6,0.9187020663143528
117-82-8,0.9877962413119793
3753-18-2,0.93717662442993
109-87-5,2.1682868984436543
34758-84-4,0.28282065661272404
1125-88-8,1.0895292829548313
20627-73-0,0.6952349301510777
81098-60-4,0.13593619771422571
77402-03-0,0.8649550648844571
1830-54-2,1.166180968167621
108-59-8,1.5209157307805654
111753-73-2,0.4542176881828712
78967-07-4,0.6190303694846064
101-70-2,1.0619537235955256
150-78-7,1.1576206978117964
27318-87-2,0.8221609922033134
89-39-4,0.5050584531934869
2735-04-8,0.9824798410449422
5355-16-8,0.6791607996618437
7306-46-9,0.580698200706856
110488-70-5,0.49944785513222084
119-90-4,0.4813279252881416
89427-14-5,-0.7167363236631447
2586-57-4,1.0956699841038866
458-37-7,1.0516034565962995
91-10-1,1.2599991274869644
23158-25-0,0.17392254221696046
70024-40-7,0.7577343995611705
19237-84-4,0.7052043414152476
64951-27-5,1.0412287046512123
357-57-3,-0.6593395964251336
89427-13-4,-0.3665447356200373
6294-52-6,0.9884224420405299
40553-78-4,0.06585972685291541
31848-02-9,0.5850586884122144
13223-43-3,0.657509157409601
138786-67-1,-0.21449655678130042
606-45-1,1.1307285030961185
94-60-0,1.4752039581788026
133-47-1,1.4521253027848777
56141-00-5,0.3342535944296017
89427-46-3,-0.5871875185379678
4336-19-0,1.3717091096107599
1459-93-4,1.1668783062587347
13290-96-5,0.7709250369922349
131-11-3,1.254639529924297
173584-44-6,0.2033091538599363
96753-93-4,0.5978096296756977
616-38-6,1.0105807857284868
4525-33-1,0.7330137986184287
6843-66-9,0.974164926963487
20120-33-6,0.33326496387535776
52-68-6,0.6151659047395274
74940-61-7,0.2557987094041023
37565-85-8,0.16465381445031513
813-84-3,-0.9537281420564377
17321-47-0,0.44018840923891334
597-25-1,-0.5756281307907941
42136-28-7,-0.6668860708656538
950-35-6,-1.2304867700189441
2255-15-4,-0.8663458645011876
2274-67-1,0.1370430197510737
2274-69-3,-0.16702796694273436
13104-21-7,-0.8146052886192859
23560-59-0,-0.5445100524413596
52899-13-5,0.001233776607163506
5598-52-7,-0.4941876852586403
64050-54-0,-0.16511632075425642
1886-01-7,-0.6757592607402448
3735-33-9,-0.9484382000037163
3820-53-9,-0.5697822649748479
3309-87-3,-0.16509571011593605
50915-31-6,0.15431002333202704
298-00-0,-0.728261376759658
363-97-3,-0.32319196575215703
5826-76-6,-0.03129707629273504
500-28-7,-0.3141510475111722
50590-01-7,-0.19701110685270506
63981-11-3,-0.43281662473405147
2104-96-3,0.06322577796520479
18181-70-9,0.2757637649681759
5598-13-0,0.558503671172732
756-80-9,0.5524329166936932
32357-99-6,-0.6185133192305786
3692-87-3,0.1812194802456224
42565-17-3,-0.761017931024706
78-57-9,0.009220011389339366
144-41-2,-0.017262286990220588
1113-01-5,0.284089107791748
58995-44-1,-0.0578384503425875
22439-39-0,-0.6852988300058486
51356-18-4,-0.8419689434238986
51442-09-2,-0.2281151945875144
86-50-0,-0.5349860139535244
18722-80-0,-0.517718709446061
64050-59-5,-0.3264244657253914
64050-57-3,-0.4240718754308451
3735-23-7,-0.3960262991817506
6436-04-0,-0.5285460409505156
41219-30-1,-0.5476249977644683
10312-19-3,-0.8202307124555765
63716-52-9,-0.2890922660434957
5114-31-8,-0.13677351423633932
2524-03-0,0.2294466576853113
2667-49-4,-0.07347911506964522
22243-91-0,-0.6702885567024436
2984-68-1,-0.6714998721383773
22608-53-3,-0.6628070833217001
77173-43-4,-0.38694318548673445
10265-92-6,0.386835587594033
29809-48-1,-0.23643874738116621
54473-30-2,-0.44215478696999966
54473-41-5,-0.5978825653407402
41495-66-3,-0.41727117454452456
87359-33-9,0.9311249385478154
66-27-3,0.525132902807622
5332-73-0,1.2661912941372147
1589-49-7,1.561375924119326
110-67-8,1.0836721541863463
54778-70-0,0.3168245658934381
4634-47-3,-1.626216461646699
109-86-4,1.7421762363772206
111-77-3,1.6907453509023158
112-35-6,1.652913225877882
1663-35-0,1.3579392401095334
3459-20-9,0.9483618448250759
339-44-6,0.982606391509071
3121-61-7,0.9045689528796298
35702-75-1,1.0875625923163583
13551-87-6,1.1788635517421133
625-45-6,1.4345692237221002
4484-61-1,1.8806457622024286
107-30-2,0.10695467259310465
107-25-5,1.302174431708052
107-31-3,1.8188373525747394
1328-90-1,0.21262248554469554
86803-90-9,1.2489698386628443
36061-95-7,0.37236667851921557
58994-96-0,0.7539748552114067
9000-38-8,1.0250488196024208
111-81-9,1.2885360816614375
2935-90-2,0.6741154592629146
3395-91-3,0.1672468233051222
14352-61-5,1.5648874527114671
101-41-7,1.3332400149043169
2876-78-0,0.8723920995572907
65463-19-6,-0.1914163606206697
1929-87-9,1.077050721445051
453-18-9,-0.5458455608520527
100-66-3,1.3697006415685207
140-67-0,1.1673855457051672
60045-41-2,0.45075872827398145
123-11-5,1.4233284524507201
130198-05-9,0.4982864547776358
53036-61-6,0.6696822842018353
157173-60-9,0.1992809625297317
5863-35-4,0.0341981672284184
611-94-9,1.010650705711452
58955-83-2,0.4790671896578482
72432-10-1,0.7040226557719165
12771-68-5,0.49333380644009495
104-94-9,0.9797917875076323
332-35-4,0.02439344486902495
20172-02-5,0.8447167561833844
100-17-4,0.7660468809787625
150-76-5,1.0968173091926139
1078-19-9,1.0386902851306494
1847-63-8,0.10702024965835077
150-19-6,1.2138360805044321
28534-37-4,1.119075453277224
64037-14-5,0.9690749674747199
96-96-8,1.0781974589297842
131-57-7,0.9788068148556861
531-59-9,1.0887779030886253
13244-33-2,1.476279756834722
63638-90-4,0.20664897737012933
18179-67-4,1.3395060051987497
61361-61-3,0.6840614588035316
56538-01-3,0.20543835451998183
61361-58-8,-0.27279654047372526
66839-98-3,0.20049956180841588
17854-59-0,0.08887552270402277
64380-46-7,1.0140225740756326
135-02-4,1.295161872073495
80834-78-2,0.08994958364902483
80834-75-9,0.1747946607007621
3562-99-0,0.8911856198055677
313-67-7,0.31610093664983374
108828-56-4,1.048004062410885
32828-81-2,0.8439385226516654
3641-50-7,1.083548878792426
90-04-0,0.9294901430035879
99-59-2,1.048001435861341
55232-80-9,0.5383944158444267
80834-64-6,0.1874079015691701
76487-32-6,0.18763923646747172
21580-07-4,0.18889796187782049
80834-66-8,0.24233571212446414
91-23-6,0.9662888643838796
537-73-5,1.0816230089648144
93-14-1,0.9028127464809131
70-07-5,0.48813847465464133
21492-45-5,0.3895030270653149
7217-59-6,0.76253101029819
5345-54-0,1.105879926377959
4920-79-0,0.7511190867685653
4698-11-7,0.8448509825563385
57645-49-5,0.46154325573212995
5307-02-8,0.9674010886380394
32861-85-1,0.8292828710502275
97-53-0,0.8953609383574512
19272-90-3,0.711779693165818
121-33-5,1.1089164917552377
92-61-5,0.97861110314186
73698-58-5,0.7692739235926834
10031-96-6,0.8576541170054335
73698-63-2,0.9846905767506167
4065-45-6,1.2822123398632153
1162-65-8,-0.3954135876335997
10048-13-2,-0.6759516218710374
2872-48-2,1.2531032925802892
607-91-0,0.5451234752785092
73698-64-3,0.7008101101206022
219715-34-1,0.4955244436405829
114834-06-9,0.588014667220989
80-35-3,0.9590798933408493
30578-37-1,0.30448612273498554
96-33-3,0.7971103672701084
14437-17-3,0.6577859716083205
144077-07-6,0.3104710480988351
2307-49-5,1.2423517776438837
89427-02-1,-0.6912152659408555
57057-83-7,0.774163821025522
2539-17-5,0.6718752291240682
298-81-7,0.4717974926387916
89427-39-4,-1.0431855278595088
2438-88-2,1.1849788157804675
219715-41-0,0.6004147260391614
137-05-3,0.20677192263258082
80-63-7,0.6033193031667913
93-58-3,1.2819042162943362
134-20-3,1.142478183004381
42576-02-3,0.8011594588234148
6307-82-0,0.9335740719124409
611-13-2,0.9802021856469944
15206-55-0,1.2827060564903072
360-53-2,0.13832009095428555
2536-31-4,1.178779331800393
29427-58-5,1.1842163358800257
142469-14-5,0.3634316707745153
176972-62-6,0.43916608824655756
1918-18-9,0.7879571424024858
31431-39-7,0.559219952246831
28559-00-4,0.1676486883656495
6804-07-5,1.116264243287513
13589-15-6,-0.5631201873891052
79-22-1,0.7723776553825222
25991-93-9,0.5385754274747669
425-87-6,0.7368528749486667
76-38-0,0.2855430422864804
139886-03-6,0.7262021121960749
88283-41-4,0.5641894961388747
55268-75-2,1.4700530223556774
598-58-3,-0.023355009285424888
21609-90-5,-0.6269260421844268
2591-66-4,0.2096722687928983
3811-49-2,0.11447785009373956
2523-94-6,1.1139527287278521
10497-05-9,0.5543347906633718
556-67-2,0.5400728884463748
999-97-3,0.5340091476994295
1000-70-0,0.9428759885061337
1009-93-4,0.9391532849158479
5683-30-7,1.2482957870274287
2345-38-2,1.7928829553183387
2374-14-3,0.428710467772399
42959-18-2,1.1145899284212328
75-78-5,0.7606728314099448
85509-19-9,0.6173602845738144
675-62-7,0.7705180133139663
75-79-6,0.46511358635952804
676-83-5,0.3575400616115827
1787-44-6,0.24154337783575913
35691-25-9,-0.2211679452973947
1511-67-7,-0.5764834117003629
7526-26-3,0.365115360612867
3954-73-2,-0.21324372339168085
740-20-5,-0.35921521017090385
2665-30-7,-0.6920739354067853
5188-07-8,1.2128534868801801
816-80-8,-0.13164410246325509
624-92-0,0.9430944542626932
3268-49-3,0.9621461517319531
17773-41-0,0.5681677874447326
63-68-3,0.8587170980822014
583-91-5,0.9256458253110565
59021-03-3,0.32522500553752964
100-68-5,0.6910011212007072
123-09-1,0.8881956982316738
7143-67-1,0.7564900678774926
14527-26-5,-0.17287173861224436
67-68-5,1.5922959488370467
934-73-6,1.0840314158583386
473-51-8,0.020602651576363873
2990-21-8,0.08643521689834222
3112-85-4,0.9774063495928533
3570-98-7,0.7520118587518464
1222-57-7,0.6854361407069504
14763-60-1,0.8583329678915949
19016-29-6,-0.9031246237283769
14008-44-7,0.14117105734848612
13244-35-4,1.0295787955610254
2700-89-2,0.6256447337796146
27603-25-4,-0.27173986593391997
51803-78-2,0.6641720602008059
113296-13-2,0.8980607901828501
22729-75-5,0.33744474772025657
3687-13-6,0.42155458994500883
53639-82-0,0.36847321612443285
558-25-8,-0.24502303597351294
74-88-4,-1.1405995032636587
1025-15-6,0.25358254029695193
2694-54-4,0.703237221897173
101-37-1,-0.025315173052872675
102-84-1,0.4232013513581827
3524-68-3,0.4545861313261993
72782-44-6,0.3066323594887074
99-67-2,0.8102714142705255
124-02-7,0.35147652567577825
37764-25-3,0.1470252489258861
16338-97-9,-0.30303210318484197
6294-79-7,0.4147636156261628
15180-03-7,-0.6623199486157039
557-40-4,0.883816005217058
131-17-9,0.8617738537011274
142-22-3,0.018728115085826613
2179-57-9,0.6213940437097933
3917-15-5,0.827841783706499
106-99-0,0.6270424320429894
110-26-9,0.6418508676562266
13048-33-4,1.043693988230844
1070-70-8,0.8035770867951253
17831-71-9,0.8393422436807079
1680-21-3,0.7387752113888988
4074-88-8,0.6424787290534751
52408-42-1,1.023633691458004
4074-90-2,0.8161057572115571
627-51-0,0.783808468431772
26750-50-5,0.3650715989857235
77-77-0,0.227246224567615
126-99-8,0.7333128495546938
112-38-9,1.0941121723659002
591-80-0,1.080111690693569
39716-58-0,0.4520026392614267
4255-24-7,0.4805753411787367
300-57-2,1.0991073556550142
302-34-1,0.016658796855249958
10017-11-5,0.4318236610836592
109-57-9,-0.38291097982173006
19876-05-2,0.7408173614479066
13973-71-2,0.3789123423416615
25646-22-4,-0.562447426245642
25646-24-6,-0.07488819015159853
57-06-7,0.0008536387133588619
5834-97-9,0.867026886197444
152-02-3,0.25822748387705574
57-29-4,0.0043322828223552046
107-18-6,0.6850782814251145
111-45-5,1.125112793763277
106-92-3,0.7052228914564524
1838-59-1,0.7693032194066991
35554-44-0,0.7534967535428507
2705-87-5,0.9344592083672437
13361-32-5,0.324126458940991
4728-82-9,1.0964986196880124
1797-74-6,0.8197650627386477
14520-53-7,0.6716473584377625
63887-17-2,0.6881174228760614
22131-79-9,0.613790216899029
1866-31-5,0.9675278976975038
27605-76-1,0.8983802559394372
2937-50-0,-0.05404590257973785
3571-74-2,-0.17627054657657903
64057-58-5,0.08130480564319975
106-95-6,0.1579934970669702
556-56-9,-0.39987649793995994
107-02-8,0.43764728091459926
107-13-1,0.03464820090316245
100-40-3,1.4465090789855777
3048-64-4,0.9084651705855573
60643-86-9,1.0985277394505608
27451-36-1,0.305741029034146
5809-59-6,0.06778067911817298
3984-22-3,0.8348171219786753
100-42-5,1.2744566219780182
2653-39-6,1.1510297385715864
2039-85-2,1.053450906467617
2039-87-4,1.1256726171447968
100-69-6,0.4470151269770405
32630-50-5,0.12641706091143956
2852-07-5,0.6683455709736067
79-06-1,0.8400276938193708
924-42-5,0.8892580568699825
2210-24-4,0.7976100428477757
34443-04-4,0.7087166132595413
106-71-8,0.3857848596707144
13641-96-8,0.37846781302584975
84732-27-4,1.1662450944025533
2206-89-5,-0.1486632498211975
106-90-1,0.521960697685605
593-67-9,0.6288641281322342
13162-05-5,0.7616578082371674
929-37-3,1.3006934736470162
16801-19-7,0.9521323604602762
110-75-8,0.02851477444145989
692-45-5,0.6131819408161214
769-78-8,1.2195829926162949
115-98-0,-0.6945721218057123
75-01-4,1.2266323690835603
593-60-2,0.24260655795649405
78-88-6,0.37409798374704717
77174-66-4,0.8774789362272091
35326-33-1,0.9652146916001161
96250-37-2,0.12427155517864907
921-09-5,0.45912766431977214
75-35-4,1.4366866930949056
50-00-0,0.8722316987270126
30699-99-1,0.6711601568229144
2396-63-6,0.732718784119879
6900-06-7,0.5358590095660816
76379-66-3,0.7375383450912641
52465-42-6,0.3887566835382274
107-19-7,-0.2333062824354828
139886-21-8,0.4802360312859264
624-65-7,0.2822642047461586
74782-23-3,0.18073933383542862
471-25-0,0.003944439175274872
126-52-3,0.10775608052310581
93105-81-8,0.8592730736190236
4035-89-6,0.7276875561571622
13516-27-3,0.4109958900287857
58-32-2,1.451135093114845
123-69-3,1.553578320122264
6724-53-4,0.5012434614693158
97755-90-3,-0.43854820839246844
1532-06-5,0.9292412365927154
16069-36-6,1.067416573095776
947-04-6,1.1108722725017397
143-23-7,0.30910186094108894
965-40-2,1.4285574034827127
52-49-3,0.42907430797459567
1169-26-2,0.4731568303748883
3365-99-9,0.13225178290612138
27014-42-2,1.4439087098834062
3386-18-3,1.1318668465703363
1212-29-9,0.8471731925899144
4979-32-2,1.440969193488268
84-61-7,1.5720378538839195
129273-38-7,0.6012627218276171
98043-60-8,-0.4279880983382146
87691-92-7,0.31482683092193975
64-60-8,0.41934693550955693
37027-56-8,0.8095901824500061
956-90-1,0.3900935867222226
10310-38-0,-0.6372839533584688
135991-95-6,0.5381371240578096
90-42-6,1.1200694620272378
4471-27-6,1.4375923729618405
925-83-7,0.8814269998833024
111-20-6,1.508268277468496
1120-10-1,0.9436207486905224
1561-48-4,1.144330809414907
7300-34-7,0.7060691718272344
55-65-2,0.6722018677545942
38357-93-6,0.37792989094966767
20917-50-4,0.5032193320100756
90-39-1,0.2722177166513726
112457-95-1,0.22468083925970517
1532-14-5,0.40705774271053574
91-17-8,1.9627858084643743
142852-51-5,0.6053907222785436
2164-08-1,0.9686414538876207
70907-61-8,0.4457173662095232
6837-24-7,0.9771825781640291
13071-27-7,0.31081907685520116
4500-29-2,1.0853001126705653
3194-36-3,0.7180142869764075
4246-51-9,0.8424326360148303
91893-36-6,-0.25496451488057237
52-46-0,-0.5813333683647883
60563-10-2,0.35345499703324235
6056-11-7,0.7224929304145646
2615-15-8,1.3481601348421668
17455-13-9,0.9006034477154559
26248-87-3,-0.01728513839492629
110-82-7,2.1221999917255823
629-40-3,1.4306661894867758
75224-39-4,0.5298492806779254
28998-48-3,0.052716850661970405
1572-55-0,0.7441568793835849
72239-35-1,0.3643131964246365
32808-51-8,0.3232436586262617
10018-78-7,1.5010026376253616
4323-43-7,0.6741074212268275
42839-36-1,0.647320001992569
2842-38-8,1.0163668314742094
13010-47-4,0.2849729041978972
80834-52-2,0.038238826937505355
80834-50-0,0.09775514659267626
929-17-9,1.3797051090858883
80834-79-3,0.36170428179606673
49830-98-0,0.5981699355138013
821-57-8,0.8789897585170076
4067-16-7,0.9768981881040832
10563-26-5,0.9825068776146091
124-09-4,0.7564875501333908
111-49-9,0.5863014632912206
55-56-1,-0.4389332399700935
822-06-0,1.2121409192308015
315-72-0,0.4463069477812238
19824-89-6,0.19653880049624384
132449-89-9,-0.0037573404005391
22089-22-1,-0.37550593401953924
14984-68-0,0.2776352831744232
4544-15-4,0.46889695839884893
4856-87-5,0.6135968984460938
100482-70-0,-0.28365888801525874
629-11-8,1.7921539187271809
33100-27-5,1.0126189333194477
2163-00-0,1.2312451999802088
287-92-3,2.0150896292561695
6483-15-4,1.0676597140162363
80834-72-6,0.020960048043252577
80834-58-8,0.2522827546324429
2413-38-9,0.07107851458606396
633-59-0,0.18131944932840321
2432-74-8,1.1072993541693588
37872-62-1,0.6708954635076316
5124-30-1,1.259297396074458
24771-52-6,0.4254810992200788
4430-31-3,1.4227767134767864
2062-78-4,-0.10109983837249259
33433-85-1,0.47655861192649185
57648-21-2,0.4399174193095065
19668-15-6,0.3172059953384123
2127-01-7,0.3714481195258035
940-69-2,0.16995859779713085
62-46-4,-0.030579401192738276
84-04-8,0.13014992918863477
57808-66-9,0.7807835665970062
62987-05-7,0.6922619827050118
59330-98-2,1.1247984385727041
131-89-5,0.1412060301219531
98-89-5,1.2284621177736197
49665-58-9,0.8583362560791682
95-33-0,0.5861705136498592
139-05-9,1.4647806632760147
2211-66-7,0.5845567240812315
3173-53-3,0.8066857770606903
963-03-1,0.7374671408060358
108-93-0,1.2401078590376184
25485-88-5,1.1039457063716782
1124-54-5,1.0124825655651737
17796-82-6,1.3001303501483399
2438-38-2,1.10875458508573
26864-56-2,-0.18701049500546307
63918-29-6,0.3242008825848922
2055-44-9,0.19850788678624898
688-78-8,-0.19144776345592052
892-01-3,0.7180172026000393
80834-48-6,0.3156607860827412
80834-54-4,0.15430790638306036
3715-90-0,0.38967910758132807
305-03-3,0.37901581753109614
111-16-0,1.9107434968598418
7009-49-6,1.3623951176712836
52-86-8,0.10203274793916861
17230-87-4,-0.36698279916567145
2354-61-2,0.13231497337127196
1649-18-9,0.17608770167349608
6115-97-5,0.5826451002397188
66839-99-4,0.37040810542414554
54-95-5,0.41185058111974204
502-44-3,1.3638252184336577
63451-45-6,0.32054198445004456
2409-19-0,0.12278508230682983
83335-32-4,0.27827861250563435
931-97-5,0.5971239238283044
123-00-2,1.031015685094074
70476-82-3,0.7379480436932392
108552-93-8,0.8134932734552739
6055-19-2,-0.3594897828066601
3778-73-2,-0.4153275325268053
60607-34-3,0.49885290424243744
525-26-8,0.5200316618126449
16470-24-9,1.0196544546021489
6425-08-7,0.2758645248479397
16090-02-1,0.6578250029607002
103-34-4,0.8721734896968778
16131-53-6,0.7543707698504712
32226-69-0,0.7295655165225343
94-62-2,0.40494536026742123
38304-91-5,0.9666897318346808
14052-74-5,0.2857018240128051
631-41-4,1.5943102796037327
101670-73-9,-0.6983972739770766
5343-92-0,1.6525426969468069
36366-93-5,1.1058208365669109
294-93-9,0.9509317307362084
14187-32-7,-0.21350813182760153
14663-71-9,-0.7777366916200579
4904-61-4,1.681045068213412
61788-32-7,0.9726348397689264
110-83-8,1.7629037898785045
80834-60-2,0.18480815529738204
80834-55-5,0.19480277650904892
548-73-2,0.28924031531797123
709-08-0,0.9210280212518828
5264-33-5,1.0366148592178255
65216-94-6,0.6688206208808893
27724-96-5,0.5940911184078477
16590-41-3,-0.03356287505204525
61361-38-4,0.269904147597654
2425-79-8,0.8947640436497264
742-20-1,0.9064641526143706
27114-11-0,0.32027959332457523
26844-12-2,0.42223874148693097
5766-48-3,0.27826833544102586
106-69-4,1.8420998389394896
85-42-7,1.4673005032151243
63716-34-7,0.35281203571208963
20757-80-6,1.464040859370019
19843-73-3,-0.1966485389681022
522-48-5,0.05893489321124834
2312-73-4,0.5942773369241856
21491-20-3,0.24076451946336386
34920-64-4,0.8416938917341095
66364-74-7,0.5865354039549774
51773-92-3,0.47527759778874035
76487-48-4,0.2540024911585774
71-78-3,0.44323868849084747
102071-30-7,0.2743157235274546
40507-80-0,-0.05150669916725492
1163-36-6,0.4912023516171826
74789-64-3,-0.2520862027018733
10193-95-0,0.4787671491147914
942-01-8,0.6980873566736107
64057-91-6,0.3444623431276672
1079-26-1,0.27329696341243087
63979-41-9,0.23924717662465
321-64-2,0.542950612534079
4726-93-6,1.0825987501864636
23205-23-4,0.3693893997784379
32527-55-2,0.6506002469064741
3445-11-2,1.363881397529552
28782-42-5,-0.5505618213434628
52-52-8,1.051251096385137
107-72-2,0.860634509995938
4097-89-6,1.1202234426632989
110-60-1,0.8206758787650372
1965-29-3,1.5881893249688783
140-31-8,1.2689586236651298
20537-88-6,0.2671840831333532
2038-03-1,1.3083620696701015
505-66-8,0.17654794501348092
123-75-1,0.6838607506488537
77162-70-0,-0.44457880327827093
36350-95-5,1.417559979375365
94011-82-2,0.3390016864444758
71320-77-9,0.6656174926926551
4719-04-4,1.8958225566670928
51-18-3,0.18198047502083448
545-55-1,-1.0533052674932053
52-24-4,-0.6947824050537602
4415-51-4,0.29229073881922873
102-71-6,1.730839753132916
622-40-2,1.3603878565992573
5928-69-8,0.6096538443943436
1798-49-8,0.5753975025134974
86827-84-1,0.4403520378558171
555-77-1,-0.3849786120771377
55837-27-9,0.7185675048781641
14052-77-8,0.2977180026268762
40575-34-6,0.13454871980941863
631-27-6,0.8197875166897218
930-55-2,0.4475773838055951
112-27-6,1.867949998353088
111-22-8,0.5512640771245969
112-26-5,0.20514708870691312
10138-79-1,1.0521175257518112
140-08-9,-0.07051759423081405
115-96-8,-0.10712423636117141
10235-09-3,-0.6497113953604403
109-99-9,1.6274837922016236
126-33-0,0.8740661505657321
1820-50-4,0.7759381915390134
111-30-8,1.4449409586187794
1339119-15-1,1.4527755907804547
141-31-1,1.3852556606559303
30484-77-6,0.004942017231117757
4425-97-2,1.2457077385895552
111-94-4,1.2949613579219565
1656-48-0,1.1688538238624213
111-97-7,0.9146481912910676
59894-87-0,0.15682499591365728
1071-27-8,0.9111552765891647
2386-87-0,1.0648629203963136
2579-20-6,0.4876561807726745
2549-93-1,0.7012859587065694
10347-54-3,1.081390741861987
13909-13-2,0.2429873401347592
78718-52-2,0.2912023152973578
195252-21-2,0.22966746190622844
195252-40-5,0.21326789677885394
29216-28-2,0.9216245532367675
3385-21-5,0.9923366391378193
1076-97-7,1.2575534415693088
78945-53-6,0.08649148264832973
13560-89-9,-0.2852453851680776
6522-21-0,0.8674366482955822
195252-29-0,-0.19584311184384706
23239-75-0,0.43658145496103395
75259-63-1,0.3461554228197804
10447-38-8,-0.04083647166146043
7348-26-7,0.41656796295307724
69581-33-5,0.24776857883222625
30007-39-7,0.1438274083677119
68-91-7,0.03780649536089098
56903-65-2,0.4637886746721689
56485-47-3,0.19324765393389975
1798-50-1,0.2017814295795709
91595-86-7,0.2993085265721749
73771-25-2,1.8097888490997198
13887-56-4,0.8394912306239042
16568-66-4,0.6159407355868388
77145-61-0,0.3102367937743216
93181-85-2,0.3654612704415161
17902-23-7,0.16460126800851005
14697-46-2,1.8436130301292057
97-99-4,1.5251690598591285
857-95-4,0.13810445762879064
5836-29-3,-1.0009454062891745
529-33-9,0.88487591387958
102676-31-3,1.277526251332676
3184-13-2,1.6671110906103395
7531-52-4,1.334671691558146
1119-34-2,1.660141718606941
121771-84-4,0.47858572404225785
139-89-9,1.9854985721381162
57369-32-1,0.6834883344107244
4425-95-0,0.8231954487766437
34161-23-4,0.07013142101171388
111-17-1,1.1440295020612736
5837-68-3,0.5569778831796315
1470-94-6,0.6219244556822311
110-94-1,1.5261474010164946
108-55-4,1.1939991069579197
51505-90-9,0.5183558794359435
36329-36-9,0.7538325397009911
91893-39-9,0.15793389144764536
34790-06-2,0.5818401623505591
616-45-5,1.745088428370353
532-12-7,0.32787288546845716
62666-20-0,0.25112986400830806
19395-78-9,0.45099909374367675
41716-84-1,0.39464246314233353
56368-47-9,0.6424371361127672
79276-58-7,0.48477618433991554
88909-96-0,0.5204595705988391
52637-01-1,0.61217772132397
104-64-3,1.0956870652443662
673-31-4,0.8827843533091924
94-82-6,0.31937304036702474
4635-59-0,0.23202187211244918
27959-26-8,0.1437238317088329
63638-93-7,0.20103037804840074
56-17-7,0.010485881176444334
111-41-1,1.6920329240634233
110-85-0,0.9733830438160448
841-77-0,0.2075193233469933
92-54-6,0.6147544304449414
95884-49-4,0.22105292967267487
61655-58-1,0.3892436961682093
14028-44-5,0.05116253367260215
5632-47-3,0.4430442337493502
111-42-2,1.7689149931651662
110-91-8,1.3912908367578911
91893-35-5,-0.24528279609189563
26644-46-2,0.768225000064261
140-79-4,-0.08440367978787378
4110-66-1,-0.6912790847655591
1072-52-2,0.83417784249496
120-07-0,1.0904698829322386
92-00-2,0.7476235482308788
1116-54-7,0.8526821351060364
77129-82-9,0.3309799279249654
35627-29-3,0.7773387937578942
60029-23-4,0.5499602277465341
92-53-5,0.707341115053056
108001-60-1,0.3891635729738243
59-89-2,0.8852000139090855
17688-68-5,0.4108971325902897
25182-84-7,1.1054824903590803
111-46-6,1.7231148837042958
111-48-8,0.9412859149431803
1892-29-1,1.1475862833224904
504-63-2,1.6762264896405759
10099-72-6,1.278452101179585
30544-47-9,0.6616452892260947
19721-22-3,0.7008796293850128
111-91-1,0.14227094083485858
123-91-1,1.5167780988124648
120-55-8,1.2575243349723144
15980-15-1,0.8581575643202894
53061-10-2,-0.461616425823153
63917-06-6,-0.1957151495514724
6279-87-4,0.5215838294974731
1070-42-4,-0.04244297589436041
5266-08-0,-0.41385307199901034
311-44-4,-0.743926123782676
2451-86-7,1.3413322215803882
1120-71-4,0.998186564157815
287-29-6,0.43608902446953846
2550-06-3,0.6241026892049687
505-60-2,0.4547611656677346
100-45-8,0.9969013507242181
64011-70-7,0.6047043614059023
4771-80-6,1.280382158621887
10137-69-6,0.7488000761853453
13042-02-9,0.9205836075844714
4488-57-7,0.8552172009648253
57-24-9,0.13171859811450737
65043-22-3,0.7105793602135052
4781-76-4,1.4609927564553677
100-73-2,1.3314617322818019
63915-63-9,0.07697353015285124
110-61-2,0.09383574351223412
1075-76-9,0.9426055096709973
75696-02-5,0.6409972228332872
109-78-4,0.6454572568908582
1071-22-3,1.0758592492888177
542-76-7,0.04446375067718289
26896-48-0,1.3345827590918145
14370-50-4,0.8103724763619522
13887-61-1,0.7878758828757628
23657-27-4,0.4159886884127312
35944-73-1,-0.739485409471844
97901-22-9,0.6193760440505766
63007-70-5,0.39248824943637123
25967-29-7,0.6127095381193313
23887-48-1,0.39912359046501955
78246-49-8,-0.2832895893361397
20123-68-6,0.4304637206073176
33453-19-9,0.16444867719489198
7346-91-0,0.4794583314398466
64872-77-1,0.8033609842814666
114654-31-8,0.3774503260423174
884-49-1,0.9026266531856693
14008-53-8,0.5659032011831614
2589-15-3,0.23561033515832175
145-73-3,0.7038636507244971
2759-71-9,0.28515547615804415
765-30-0,-0.2451467148971469
81356-60-7,-0.23189091258824257
86393-33-1,0.7031630701902132
32773-59-4,0.6743987092825199
3544-94-3,0.1934013610766937
521284-22-0,0.6771049306334422
7545-48-4,1.7309767267003542
101-49-5,0.9640750456985673
56461-33-7,-0.09436303164794779
100678-32-8,-0.04761500870880253
30914-89-7,0.23857473614892244
74103-07-4,0.25978878674956274
1331-07-3,0.8288152976548336
88485-37-4,0.4942873808458501
29050-11-1,0.4718738784120145
55316-22-8,0.5162416169096117
57-96-5,-0.17569327455721062
114686-12-3,0.2811475088214682
102-20-5,1.1732279559282845
51-12-7,0.7499399325155067
59-97-2,0.3990412046895898
5144-52-5,0.26105545667151653
372-77-0,-0.2977554975947314
123-81-9,0.24543743430129172
4301-50-2,0.052017743201472566
76824-35-6,1.0023722040867051
103-29-7,1.004502259229379
7199-29-3,1.1033820764439026
53597-27-6,0.5960940449167689
119-84-6,0.8919967889986469
36330-85-5,0.6672082644256473
38873-55-1,0.6963161907927777
123-56-8,1.4197536606391576
23249-97-0,0.6407554087574203
23093-94-9,0.9527531871081367
23093-93-8,0.7778141563568965
21256-18-8,0.23439220109864511
24096-53-5,0.7011124333106332
108-30-5,1.387137313058937
5029-46-9,-0.6099034862034016
53894-28-3,0.6286238776418774
62-31-7,0.672290993250866
61361-60-2,0.8621131782450338
56538-00-2,0.27201409395623743
72239-33-9,0.2727281406043832
55458-76-9,0.7919281543608044
51-71-8,0.24537707116810448
59128-97-1,0.4284111588459655
24166-13-0,0.1904370706707218
94776-91-7,0.5295507430477935
111988-49-9,0.1788856631174478
100199-60-8,1.0693822388318497
7633-57-0,0.9329392374045364
97174-79-3,0.6438668114325223
180793-94-6,1.0578964336000585
92-43-3,0.8158649195378893
2121-12-2,-0.07734608423542344
622-08-2,1.2396993930075138
103-74-2,0.7892188839102953
104-62-1,1.1796472172995354
103-53-7,1.353551999585676
124428-11-1,0.5053125756642725
94-47-3,1.3056916311803861
37795-69-0,0.7882269534126936
940-41-0,0.6084674914051823
35250-53-4,0.9421692761138318
59375-68-7,-0.5010110284776634
4871-71-0,-0.11874617321312342
103-63-9,0.8730965214567243
113136-77-9,0.1046866908341536
60207-31-0,0.6981887841603256
1070-78-6,0.5975989567096579
2043-57-4,1.0330528988458312
19201-32-2,0.5488228454449977
141-43-5,1.6472634562552342
33545-23-2,0.9098439253464629
10042-77-0,1.3463473606157859
151-56-4,0.393984699480033
5782-83-2,0.7047255172534317
96-45-7,0.1283545787334991
73218-79-8,0.3623212861622822
61-57-4,0.907862263451983
24207-38-3,1.0045347064369785
65141-46-0,0.4243503404348584
96-53-7,0.14531303849236876
3566-10-7,-0.602999202022863
557-30-2,0.9281398966734856
80026-34-2,0.3870052308022899
33813-20-6,0.04491542144355165
26859-72-3,-0.34513784914917445
22232-71-9,-0.12637314242130726
27097-43-4,-0.19689741114439607
23915-26-6,-0.8426432956714728
39884-52-1,0.7738005922974375
73870-33-4,-0.4731462262745574
40762-15-0,0.8318903681129222
34929-08-3,0.4275500701178363
107-21-1,1.796166205334893
122-99-6,1.152936761547605
3833-54-3,1.0165522827333646
120-67-2,0.7312888285909267
2122-77-2,0.6046607189782871
371-62-0,-0.7912943338418016
60-24-2,0.19333309176046992
80303-93-1,0.2876246696267583
107-07-3,0.07112364619846057
624-76-0,0.016061774995319578
75-21-8,1.1409160003232734
646-06-0,1.586280812923132
629-15-2,1.4756148519759087
9004-86-8,1.279636475384208
2514-53-6,1.1340064902620486
96-49-1,0.874279658268638
339-65-1,-0.10204072200942349
58041-19-3,1.2055198253222423
19767-45-4,0.8997458889835965
420-12-2,0.19068977507435575
629-17-4,-0.18576261232220503
62303-19-9,0.0006108044415589209
762-70-9,-0.5498184006241481
1622-32-8,0.5101073717547449
107-06-2,0.2720186630768693
126-15-8,0.8355192665795148
2425-06-1,0.5367273677984594
133-06-2,0.4056385640457907
85-43-8,0.8575695258829374
2971-38-2,0.19527184421421306
3276-41-3,0.3848744237357744
110-64-5,1.1638748362915103
77-79-2,0.6344982554036294
544-25-2,1.0563911302533142
542-92-7,0.9601787930370543
542-78-9,0.9367701962510669
3385-61-3,0.5758197297080138
77-73-6,0.9025728186932318
122-78-1,1.0198185795783155
28382-15-2,0.6475263619381539
105112-76-3,0.1925918359377785
63979-76-0,0.17864567584302038
4080-31-3,0.6533637152176075
104-54-1,1.0816460773326777
29560-84-7,0.10083918861288932
104-65-4,0.9421292488188829
122-69-0,1.3462995400474433
5320-75-2,1.2955587533152884
149-29-1,1.3189114002304247
107-20-0,-0.16376317131211937
628-87-5,0.6692309160479346
110-65-6,0.7470033253120613
3159-29-3,1.0460673808324605
101-27-9,0.2932340091218618
59443-94-6,0.7898873935596946
107-91-5,0.9136349355346499
372-09-8,0.5060234437672749
107-16-4,0.5905020361815352
63278-33-1,0.44407600559741367
768-94-5,0.6699224908727879
102938-79-4,1.1492162963734533
7585-39-9,0.769298095537016
2451-62-9,0.1548367051927313
77658-97-0,0.00857163151831708
5026-74-4,0.6439900129201095
2589-01-7,0.1480058641465849
13674-87-8,-0.29356614006599613
3188-57-6,1.5114189373890299
1263-89-4,1.84575062134911
24676-80-0,0.88548209919701
63919-02-8,1.0459474400628537
81737-62-4,0.48101026124122936
85095-79-0,0.35239550003716535
56552-15-9,1.1231579502776614
2238-07-5,0.7306733717719083
101-90-6,0.873604865863789
7195-43-9,0.8875435417402275
7195-45-1,0.6008734941160698
14974-71-1,0.3526410246962719
14168-01-5,0.2216177023374155
90035-08-8,-2.0286539462234128
56073-07-5,-2.6123845001779795
56073-10-0,-2.808829260343538
104653-34-1,-2.530797313240382
83480-29-9,1.408291951946512
131-99-7,0.6185038501649829
9000-30-0,1.0069726056237842
63883-19-2,-0.08192273185914556
2338-18-3,0.5717943822779238
1703-58-8,1.1403765978122782
1134-47-0,0.5056263587135146
30618-84-9,1.0790044512208583
60634-63-1,0.37520886095636097
116255-48-2,0.4480641223177769
5566-34-7,0.6806022717454563
1890-47-7,-0.48714391482289565
4618-18-2,1.7684249480144132
57-50-1,1.6622441209002203
1715-40-8,0.4912434991674327
616-30-8,1.8400790549738142
98383-40-5,0.3474954420993912
54622-43-4,1.566608119275708
13551-92-3,0.982097113370609
112281-77-3,-0.15967752700698679
5455-98-1,0.889983548270791
61213-25-0,-0.25277193527695463
149-32-6,1.9065299880605693
87-99-0,1.840574770897478
554-18-7,1.251414598794852
1708-39-0,0.9903997673513494
3820-67-5,0.2933051352639584
23779-99-9,0.4606161448362255
624-43-1,1.0846055696183128
621-65-8,0.15763368387430765
556-52-5,0.890462106830828
51371-34-7,1.017525646114412
96-24-2,0.5504748196084823
622-04-8,1.0019113964093314
886-74-8,0.8105626958518367
122-60-1,0.8328201357531693
13443-29-3,0.7626314380022625
127-90-2,0.1290170503818231
55-63-0,0.6052235393193308
6659-62-7,-0.1875213315450175
652-67-5,1.1607035091420024
16051-77-7,0.7130010956663712
87-33-2,0.9186781741451102
23261-20-3,1.058664833354164
53460-81-4,0.5212395277100692
106-89-8,-0.17720073698666827
3221-15-6,0.32500133945051557
3001-57-8,-0.06840108576398851
96-23-1,-0.28779622799267124
96-18-4,0.2565031272086975
3583-47-9,-0.6483092319205631
19721-74-5,-0.2032723454393266
55739-78-1,-0.0025513520118307653
60-57-1,-2.0743739091878663
53494-70-5,-0.14002365210723777
56534-02-2,0.28764577321112716
28772-56-7,-1.1354592006364985
376608-71-8,0.10469211887301944
35144-55-9,0.4644796141946299
14919-77-8,0.8783137398748359
24169-02-6,0.7350227515351386
22832-87-7,0.6796840834698308
65899-73-2,0.6820198754472424
24168-96-5,0.5454829378531283
61318-91-0,0.5894413802137815
19396-06-6,1.6758013633407127
3641-49-4,1.1172198363244652
59-92-7,1.016227306168982
4350-09-8,0.5793616889228594
22855-57-8,0.4718250207398477
66064-11-7,0.7786845136365521
3982-20-5,0.7396273942735943
60653-25-0,0.35331369384935596
1874-54-0,0.7239499490599454
3513-93-7,0.6248830003272458
15518-76-0,0.04766122315735011
104-14-3,0.9250882654941475
329-56-6,1.017147544227721
444-27-9,0.560141144502006
71821-17-5,0.48164344248007385
299-27-4,1.9235937695803107
15879-93-3,1.1586666421432485
69-33-0,1.0546080269700697
50924-49-7,1.277204465122962
36791-04-5,1.6808458739313672
73986-95-5,0.7536577552502244
64011-46-7,0.8105773356361325
765-34-4,0.40633431496617833
1021-19-8,-1.047689598044974
26501-80-4,-1.2256610084700446
3868-61-9,-0.9067599779621732
76738-28-8,0.872025606323097
4691-65-0,0.9636952259255424
86-04-4,1.8403656910465838
96753-85-4,0.1441832775526466
96-09-3,1.0529675051049097
58100-26-8,0.8362771826488761
52-90-4,1.1540685909846702
24689-89-2,-0.491908474589664
101530-10-3,0.48713289164310153
1424-50-6,0.4264811888377755
10140-89-3,-0.3536746020201871
2601-89-0,-0.09920841577210027
565-64-0,0.2596403213327543
79-00-5,0.404067403098475
50-59-9,1.0880580600825718
132-81-0,1.0160192306589642
1087-35-0,0.5623950456384509
68788-33-0,0.11656107632700408
98216-44-5,0.9023532378747732
14504-15-5,0.674025577836436
55453-87-7,0.04026547517354384
1438-20-6,0.2616315802533553
39082-00-3,0.41374495723026744
928-72-3,1.6267234299379432
24312-44-5,-0.3791045220958491
1014-98-8,1.1683867668854035
5994-61-6,1.0452550385585275
5336-53-8,0.7238667461815397
112733-06-9,0.13219361526567286
64211-46-7,0.6244171207100555
20187-55-7,0.6301963887321247
86598-92-7,0.9201746187365437
103-50-4,1.2343769513197957
534-07-6,-0.4393730042919807
623-25-6,0.8632946947847312
6586-89-6,0.839707363176209
101-81-5,1.2795960074468642
101-77-9,0.31253897733152813
101-76-8,0.602635468910621
101-14-4,0.5138290254180098
51944-41-3,2.2679788035335933
120-32-1,0.852818054278675
9084-06-4,0.9581843440788336
92-81-9,0.9280808116193281
27311-52-0,0.8351024274132546
97-23-4,0.6635040493982844
5178-56-3,0.6498759256151665
57165-58-9,0.9330699521184852
51484-40-3,0.46603121996244656
63-98-9,1.0340674401990357
103-82-2,0.984939948798398
17518-47-7,0.24298666854329776
15992-13-9,0.44788119576089114
62809-33-0,0.4441441337538954
69002-85-3,0.506137816599247
34645-84-6,0.4522761537381698
86335-26-4,0.2460336550522899
61941-56-8,0.7273331675272161
19386-45-9,0.5001311128764092
66-76-2,0.49638898680153826
29110-48-3,0.45327091248638696
85-34-7,0.6706430113582406
78218-49-2,0.529457711369405
18046-21-4,0.5438405488132596
2763-96-4,1.152780544337943
102366-79-0,0.3280056612707717
621-92-1,1.1063437463318488
1214-39-7,0.6198092783564952
538-32-9,0.8189346392298633
13045-62-0,0.537617006885361
1125-85-5,0.5764208670361062
1421-23-4,0.9024939431318892
146-22-5,0.4763069633379079
1812-30-2,0.8021497379774152
29975-16-4,0.5319377734584365
2439-99-8,1.3062413715602137
78712-43-3,1.0529876584838718
135838-07-2,0.4990155603269091
6085-94-5,0.8314955914134202
135810-26-3,0.4917043713959426
50264-86-3,0.8273595200648537
70891-37-1,0.9162832483801209
50264-69-2,0.5184078109533036
5014-11-9,-2.1544019874303397
14663-23-1,0.5017267257208672
54-87-5,1.4019745246260364
100-51-6,1.2611961335947752
13826-35-2,0.9542369637419243
18773-63-2,1.0045222752596332
98-00-0,0.7734377176386653
67-47-0,0.6161321374245431
77605-72-2,0.8012639595651603
104-57-4,1.3281980350435112
103-41-3,1.3591355218718064
120-51-4,1.2836014699139087
118-58-1,1.0157825013882085
72850-64-7,-0.05855015134313357
501-53-1,1.0690198249964058
51594-83-3,0.9720851346049705
55203-12-8,1.524313216356501
27355-22-2,0.40023916139397975
62501-39-7,0.8546660058607515
122-59-8,1.1405338322313756
120-23-0,0.9714567230790987
55335-06-3,0.7838796369015717
69377-81-7,1.0724455943098765
640-19-7,-0.06914052321253461
450-55-5,0.06956603652862925
404-42-2,0.09220410046320104
351-05-3,0.32514954245769445
457-43-2,0.19743978909800308
1737-17-3,0.45883650867743736
100-53-8,0.7108349976762572
59021-02-2,0.3983464662283582
405-30-1,0.44386507812732046
538-28-3,0.06938158317485454
4357-96-4,0.4107068761481112
137927-75-4,0.6268050013122218
18504-81-9,0.49219826652169985
141-84-4,1.0534060200487634
18527-35-0,0.6447299680403248
6274-27-7,0.4575203188849497
32991-48-3,0.7504935154553681
29727-70-6,1.3712613377424863
68291-97-4,1.2125937391917099
100-44-7,1.0969461003082883
100-14-1,0.49997290464061095
53874-66-1,0.7312880090903313
6959-48-4,0.7326019416643081
38721-71-0,0.8372524392340173
86-52-2,1.1327509428476124
6959-47-3,0.2402877604377932
96-19-5,0.07571247624838995
17293-03-7,0.7951342069029028
532-27-4,0.5699718470191081
6305-04-0,0.7154488531492259
4252-78-2,0.7006757452543535
10436-39-2,0.3640276841520681
79-07-2,0.33473063242149426
79-04-9,0.09498542861603543
51632-16-7,0.24282828022376501
73866-23-6,0.5697194815031329
683-57-8,0.07613386622326423
79-08-3,0.04139286967826872
12712-28-6,0.7667598606120882
4196-86-5,0.9949859975123245
78-11-5,0.9043619332316194
77-86-1,1.6108583837983546
126-11-4,0.8100901362339972
58138-08-2,0.5368536954753973
625-89-8,0.453913212689084
376-90-9,1.288978179476199
3737-41-5,0.5073348301153485
133855-98-8,0.5010395413494539
25061-59-0,0.592646864882114
376-18-1,0.42468093239200366
71119-10-3,0.67895012229365
306-52-5,1.5229777102049624
69226-51-3,0.3833677929535002
630-20-6,0.7981458882422681
22052-04-6,0.3065647063978467
39236-46-9,1.1115501792043445
87957-27-5,0.375817839304677
26907-37-9,0.3748244887531387
6970-97-4,1.0394807938429471
58-93-5,1.2553215409893417
39603-48-0,-0.6816299305476075
78491-02-8,1.3652425900352072
67238-62-4,0.6919121204343627
58955-84-3,0.3592059646544943
100-97-0,0.8642947513558259
101-25-7,0.3130362447686834
2691-41-0,0.3011796747500022
13980-04-6,-0.11609490745933082
121-82-4,0.554671593143399
2235-43-0,1.046600490053412
40507-94-6,0.19897564096896136
870-72-4,1.6350530622815258
99591-74-9,-0.2915059891950941
555-89-5,0.8408133735446517
88144-99-4,-0.473237441545885
6317-18-6,-0.05469889347410728
21564-17-0,0.1976185460424702
21335-43-3,0.5235527881674327
3518-65-8,0.5708445401084896
74-97-5,-0.13944160337265354
24082-36-8,0.06063444269437346
128-79-0,0.8083140132880592
3071-73-6,0.9779299445191612
991-42-4,-1.65079099942451
73688-63-8,0.9444297777582177
21413-28-5,0.879364128821918
603-34-9,0.5938440682365745
101-02-0,1.1613859862711675
115-86-6,0.5242964889299954
603-35-0,0.7444354740236809
60628-96-8,0.6645856898959949
82-66-6,-0.45455756678991066
84-15-1,1.066652621160315
84-62-8,0.9876490788241432
573-58-0,1.0131731377445212
30638-08-5,1.5344924007647642
119006-77-8,0.629981904252248
28140-60-5,1.050824043413668
1937-37-7,0.5741516528961418
6247-39-8,1.3748291409226674
62802-56-6,0.7030614908509797
90-30-2,0.9978071295856691
4335-09-5,1.3227047181489857
13080-89-2,0.6064835262398489
6406-56-0,1.5845626031710351
67446-03-1,0.908917264466627
587-98-4,1.29051046118028
4117-90-2,0.32699935282791825
135-88-6,0.9007755926036844
81-77-6,1.441781537506646
17364-40-8,0.5288930118005527
25505-99-1,0.4349880399349634
622-15-1,0.6406958551234685
86-29-3,0.6242394192069324
4695-13-0,0.7361110166185405
117-34-0,0.8228574279041099
91-01-0,0.9864368472515173
119-53-9,0.9762932950859464
92-52-4,1.0458971483147743
119-61-9,1.146652300840858
94-36-0,1.3814257847896974
1850-15-3,1.0407624383520888
122-39-4,1.0326119049137077
102-06-7,0.6424498533383473
622-03-7,-0.1388908233943531
103-33-3,1.294267652295385
37893-02-0,0.44026766524324057
495-48-7,0.9018635550119006
86-30-6,0.737033006149483
101-84-8,1.1499326490280537
102-09-0,1.117084199522584
4129-17-3,-0.7189995522721228
23211-47-4,0.9847335812341342
125-13-3,0.5491980666116838
603-41-8,0.5046692633170125
10040-45-6,0.5976718546381101
66898-62-2,0.06094381549502126
10423-37-7,1.1089746396022697
298-46-4,1.457009570747121
18636-88-9,0.6716051929922462
100537-30-2,0.6745672990123369
83-12-5,0.30558290078908124
85-52-9,1.1773799878488638
90-41-5,0.346231087578905
86-00-0,0.7428136543153441
132-27-4,0.891281160046379
4727-29-1,1.040057760340749
15310-01-7,0.7655454548641839
118-55-8,0.9581102040024199
495-73-8,1.2039342153095667
2429-84-7,1.0041949787786484
73926-93-9,1.4856626520585487
4232-84-2,0.4778728256594798
6425-07-6,0.8568980095280696
17781-31-6,0.49173172478555216
93-45-8,0.9509909257943925
5850-39-5,1.4443414158401648
599-79-1,1.150632620099659
19247-68-8,-0.09739992102888273
129-00-0,0.9359545986576174
97110-59-3,0.1924718710686948
588-53-4,1.2904845390149497
3218-36-8,0.9496003464851687
85-73-4,1.0965973803825222
1210-05-5,0.8997670448688155
61826-76-4,0.4924674048963622
53874-68-3,0.6414511435446226
136-36-7,1.2291695088022703
713-68-8,1.0580902706921296
92-67-1,0.594246057725711
101-54-2,0.6681082797426035
3457-98-5,1.414736559661028
80-38-6,0.8830577535645894
80-00-2,0.8648989238454532
51671-08-0,0.5104027601938151
257-07-8,0.8289704107761624
1470-37-7,-0.012789843489190877
86-74-8,1.0469142364386226
304-81-4,0.359314187998095
262-12-4,0.40316844845410266
104-55-2,1.2034443789217424
366-18-7,0.15325654269383082
4360-47-8,0.7809757157959124
2429-73-4,1.2662415443456032
74039-01-3,1.236905623988081
5607-54-5,0.46813517819760186
1787-61-7,0.9734866986948356
915-67-3,1.7035856337707638
518-47-8,0.3186686947274437
60168-88-9,1.0406327722756725
60045-47-8,0.7673625547319309
3845-20-3,0.5292735022767423
59-40-5,0.6719464199648766
1470-35-5,0.19597140476296537
89426-92-6,-0.16559668562390628
1147-42-8,0.9520228090780376
604-75-1,1.0301575630540687
131-56-6,0.8788083526257969
43087-91-8,0.9985341128667862
13481-63-5,0.45124220924950664
530-78-9,0.6644537658436782
23595-00-8,0.7035100256024966
532-82-1,1.0021582260598119
97-16-5,0.7513191500189058
6723-40-6,-0.6356963615769995
3424-82-6,0.8581935515787711
68157-60-8,0.9019490284049099
127-57-1,1.0888977012539092
134-37-2,0.6684190928928673
66-77-3,0.9572316701899409
3669-32-7,0.6141292368832365
134-32-7,0.6687013982800791
86-88-4,-0.010952978796344381
86-57-7,0.8056077163776705
90-15-3,0.9213835897249001
941-69-5,0.6063180980189555
128-56-3,1.4120929264235933
55994-28-0,-0.012660301868572255
91-22-5,0.5616307523820264
85175-31-1,0.6653171421453995
3878-19-1,0.782173613256242
103-64-0,0.9712945342742363
2602-46-2,0.8171446842140314
82956-11-4,0.3149320436810987
25875-51-8,0.5735465005231672
72-54-8,0.3176657961984549
50-29-3,0.36947469387639487
92-87-5,0.9704566001313066
92-88-6,1.0063953272660908
7158-32-9,0.9011454241222884
345-92-6,0.5091691437910123
58139-96-1,0.11140422712713227
1478-61-1,0.09866244052823525
7457-25-2,0.3332960832374763
101-80-4,0.9283545460502429
139-65-1,0.4665933221354419
80-08-0,0.8226662236559643
1223-31-0,0.9166888563448867
2664-63-3,0.8197628649385469
80-09-1,0.8981022255079683
80-51-3,0.6190093204734
80-33-1,0.845129435205819
93-09-4,1.070343940085352
581-89-5,0.6641982878712115
135-19-3,0.9268164054907659
120-18-3,1.2288404405399818
480-22-8,1.0158487791895947
14255-88-0,-0.16655970701508216
63716-35-8,0.7925676962606416
63716-36-9,0.7341822069909135
846-49-1,1.0923506267913252
35367-38-5,0.8459337331454772
4394-00-7,0.6303388163926315
5443-49-2,0.8819452182665245
58861-48-6,0.14010042367534115
553-26-4,0.06500943529755387
81-84-5,1.1826773638693315
81-16-3,1.3858836656160105
633-99-8,0.6027189075828137
128-67-6,1.1746283968907276
2243-62-1,0.6406146412623888
128-95-0,1.2190158315381954
81-04-9,1.3482924911569882
120-72-9,0.7228240463654014
1698-60-8,0.7973114543699451
3042-84-0,0.5095929166136279
1698-53-9,0.7094235499270785
51707-55-2,0.7716426693538523
148-24-3,0.5051408791761494
27022-50-0,0.05118477049299863
100-52-7,1.1468938409911587
25506-06-3,0.4511975678904683
6607-45-0,0.7319503515071083
13423-60-4,0.5173301078634618
16227-12-6,0.3825916260233919
84-12-8,0.6797441742411161
66501-16-4,0.7516270374164434
2423-66-7,0.6162384551226574
41407-89-0,0.929182469191125
98-87-3,0.9099666687530046
396-01-0,0.7309640114639887
18039-42-4,0.412261454863321
89427-42-9,-1.0741791789165185
98-88-4,1.0948627554176484
98-07-7,1.0665149361405493
142-04-1,0.11857602054685468
64-10-8,0.9321302235976401
103-85-5,-0.22411919339155983
6635-73-0,-0.49232640718338216
100-63-0,0.40208931407859994
100-65-2,0.8254979206269235
103-71-9,0.8575858501919631
17654-88-5,0.7908021172211874
98-95-3,0.6408872028111825
350-57-2,0.30965097527662344
3426-89-9,0.1589166764715344
701-64-4,0.6993419271858304
644-97-3,0.14049661793392776
1779-48-2,1.2068061292232264
108-98-5,0.6520323513085631
8046-53-5,1.198873664031209
98-09-9,0.8449888880729565
108-90-7,0.8583236180564724
108-86-1,0.8371975875553965
591-50-4,0.5112287873343815
119-72-2,1.0662071046067814
63734-62-3,0.7160908924975764
2243-78-9,0.8800702328013865
7621-86-5,1.0384526829379515
6054-99-5,1.472727862615301
15457-05-3,0.2958573128787376
42874-01-1,0.47699847210181123
101-50-8,1.2365633698362102
119-15-3,0.6410997471839898
1836-75-5,0.9465911331172681
12222-78-5,0.6667481456698745
59214-90-3,0.4880731414372895
65793-50-2,0.7215232641994236
92-70-6,1.0766095736680574
37728-15-7,0.6966287547356727
53469-21-9,0.9334629697599345
1631-29-4,0.6649561179451307
523-50-2,0.8251633859921275
2698-41-1,0.7000994363092792
16715-77-8,0.8195399275792541
531-81-7,1.1326436595760128
13577-46-3,1.4787564090962189
4053-08-1,0.881157675128998
117-62-4,2.0495333624257204
117-55-5,1.806464460218718
3604-99-7,0.7438844821532222
481-39-0,0.4777789427419801
4008-48-4,0.6798256288594035
90-02-8,0.9384802418195829
89-98-5,0.8969847479984496
95-16-9,0.5748322323924958
91-15-6,0.7108692655030556
611-20-1,0.5353192293916043
873-32-5,0.8572177542411905
2797-51-5,0.7580868131308822
3347-22-6,0.4709961776041255
117-80-6,0.806642989009445
85-44-9,1.6225686350612643
90-16-4,0.619720051548021
65-45-2,1.2112002542869562
54-21-7,1.2916636695782266
2037-95-8,0.9629533914853171
21725-69-9,0.8025452647355115
6064-83-1,1.122438970347767
2634-33-5,0.91325127215795
609-66-5,1.1015649458606154
1338-32-5,1.1262319873505233
88-17-5,0.5679655094434177
2285-12-3,0.957124263002538
392-83-6,0.9403149421741519
95-54-5,0.2472159244372225
88-74-4,0.7941851727619434
95-55-6,0.45738339547823603
95-51-2,0.4650759271674789
583-39-1,0.5418771378556044
615-16-7,0.9170815256069236
5902-85-2,0.646703654956302
5344-82-1,-0.027413409645723696
101-05-3,0.6878949878097914
2213-63-0,0.7705055034620657
4570-41-6,0.9751903003183044
149-30-4,0.522416180057341
88-75-5,0.6946192316836832
88-73-3,0.7608539773152732
120-80-9,0.41768354330808033
1333-39-7,1.4438473426116483
30746-58-8,-1.7488004587528705
95-50-1,0.7606825426719068
110-02-1,0.3479475199733196
105-11-3,-0.16211615775603772
16589-20-1,1.0663604597709788
12674-11-2,1.2727137160746418
71422-67-8,0.05969727286148119
13738-63-1,0.4829900588095005
1836-77-7,0.7095934795225322
22494-42-4,0.5392723281811829
64057-98-3,0.4869768157522698
860-22-0,0.6919553452483782
106917-52-6,0.19064110614629137
56966-52-0,0.5492358881742122
14047-09-7,1.3821092845238452
2274-74-0,0.8601821806772498
3380-34-5,0.26329497833264104
2227-13-6,0.5210275289085606
116-29-0,0.8620481689044206
6954-48-9,0.557182612964639
131-27-1,2.084094451085936
58712-69-9,-0.22181614503566938
556-12-7,1.3125834026005898
3132-99-8,0.8114976961107669
2009-24-7,0.8603404870471375
2617-79-0,0.903952726714027
2617-78-9,0.5453337511111674
718-43-4,0.8863467578481745
626-17-5,0.8612591162521145
121-91-5,1.3096853614060358
16671-87-7,0.5538035122002337
4052-92-0,1.1744046422454146
881-99-2,1.0742087023653402
329-01-1,1.0158661042182682
108-45-2,0.4073013655058294
99-09-2,0.8463686537308551
108-42-9,0.6282642280127739
4947-89-1,0.19974575441404152
127-68-4,0.8167166883578201
121-73-3,0.5964321590897317
108-46-3,0.7365058298764113
108-43-0,0.46845476643346984
619-72-7,0.7599714243619102
13940-94-8,0.5807454648542532
100-21-0,1.4927204135758316
100-20-9,1.0910095392643897
619-80-7,1.0712167921298326
62-23-7,0.9703431559260336
122-04-3,0.6714562188499246
99-96-7,1.0732289048509092
16671-88-8,0.6462024966152329
122-01-0,1.0281393746106846
455-14-1,0.9645450945523847
98-56-6,0.7242095384387328
5216-25-1,0.9778163716337809
624-18-0,0.3476555322002228
100-01-6,0.8855524156630139
2987-46-4,0.3122685838184256
63-74-1,1.1641768350422117
15730-83-3,1.427320148016687
106-47-8,0.5965428365510798
540-37-4,0.1445884036840901
3696-23-9,0.13039208287062298
539-21-9,-0.397450830517864
105-12-4,0.5873420322571854
100-28-7,1.200330517366223
35037-73-1,0.013272627101461265
1985-12-2,0.25834493943115566
100-02-7,0.6306041612347484
100-00-5,0.7034320091669539
106-48-9,0.34510026480692013
106-51-4,0.33331399094389647
98-60-2,0.9643733258923748
106-46-7,0.8205211120946372
39699-08-6,2.1229898602767436
38665-24-6,0.2500107966039169
128-97-2,1.1341172518436329
52671-72-4,1.3565310020482757
81-30-1,1.2507563745852712
11096-82-5,0.8307152263365571
56973-16-1,-0.2826971520066488
872-85-5,0.8479141564913005
37853-05-7,0.3570901054816815
100-54-9,0.6562034322506032
98-92-0,1.2344384864372475
59-67-6,1.3232487162457525
54-85-3,0.9457902080124553
59470-49-4,0.8421378061790621
55-22-1,1.273066159088969
3535-75-9,0.6229334598051658
1124-33-0,0.6310421505377822
98-01-1,0.3213393001171747
51762-67-5,0.6907377863949484
875-28-5,1.1021951570882724
84057-84-1,0.46947062471729717
50-45-3,1.0159420883626098
14689-51-1,-1.1926277828810767
2338-31-0,-1.218847056970854
6587-23-1,-1.1079915266441258
64037-11-2,0.5748666615750873
25567-67-3,0.23414488008645962
3209-22-1,0.6609770810826805
64037-10-1,0.5043290815931963
36088-22-9,-2.182233544603445
18063-03-1,0.8119867275936491
1194-65-6,0.6113021506248923
81-19-6,0.827320885533819
1918-13-4,0.6584566155805434
87-61-6,0.7651080996996855
94239-04-0,0.717754970285498
1929-82-4,0.8654607833730384
24382-04-5,0.8280539319021625
928-53-0,0.2015489421508695
76-44-8,0.6754970456227979
3186-23-0,0.7675448311864593
5836-04-4,-0.8186331436753429
73826-58-1,1.1296256504071818
87-02-5,1.522013360460407
118-33-2,1.7297765990547322
129-79-3,0.7178656897769276
1154-59-2,0.6135008038563292
6013-05-4,0.6308705472521541
52479-85-3,0.8060125759127169
84087-01-4,0.7832409569357306
97-51-8,0.7330519985739389
95-01-2,0.8361056150491959
20856-57-9,0.7224399883197019
227197-72-0,0.7776922374659807
17200-29-2,0.5548951527432284
3671-61-2,-1.2392460551317308
31643-49-9,0.6953410687039362
939-80-0,0.7651294849652459
6574-99-8,0.7084559238452466
17420-30-3,0.8562119764070544
16588-02-6,0.6857934820588378
19694-10-1,1.0520893693366158
89426-89-1,-0.935401124108643
16588-06-0,1.1560592648824746
96-99-1,0.9282324574085086
2250-53-5,-0.7225254730580213
89-75-8,0.9061844618929213
84504-69-8,0.4411907935584662
399-69-9,-1.8644446210005832
121-17-5,0.286254783609597
328-84-7,0.7719689460822173
13014-24-9,0.9182021051337198
118-83-2,0.7102752415086344
320-60-5,0.933223455031063
13014-18-1,0.8861017062896119
5307-14-2,1.0631236235154886
5131-58-8,0.9236999128962917
137-09-7,1.0059275293171277
61988-37-2,0.993291022470658
88-63-1,1.7245514976399985
3671-66-7,-1.0164851059863873
119-34-6,1.1155794653269195
364-76-1,0.4612338294539021
635-22-3,1.001413133693506
3863-11-4,0.5636791043970018
95-76-1,0.6609104965365843
97-02-9,0.5839259703117117
99-57-0,0.9446367055995717
121-87-9,0.8371397452987422
6283-25-6,0.9332774002116252
89-63-4,0.9532444424230063
95-85-2,0.6285275569540352
367-25-9,0.41573733258672874
554-00-7,0.5939231158896521
95-82-9,0.5931951502662572
31225-17-9,0.6730125981109607
327-19-5,-1.1565480519197076
89426-90-4,-0.88906250398733
3671-47-4,-1.6419698030659604
89426-91-5,-0.8243357609878302
656-49-5,-1.1807257517888248
3765-86-4,-1.0340901777384146
19932-84-4,0.7819101805097475
22876-19-3,0.31845792698732894
14733-73-4,0.38695391347879093
1744-22-5,-0.6454658908256832
1682-39-9,0.47402324205180424
52112-68-2,0.7738468507004544
61-80-3,0.658887082937546
64037-13-4,0.2416734846812162
51-28-5,0.20904723674322245
619-08-9,0.5792505257011173
99-54-7,0.5895962207402463
611-07-4,0.5940657739340347
611-06-3,0.7239552500779567
89-61-2,0.4648651115091951
95-88-5,0.3021663848832977
4991-65-5,0.8142475482035021
120-83-2,0.4622778027760581
583-78-8,0.45946470614382384
348-57-2,0.7358475205689263
671-95-4,1.2635001898076255
120-82-1,0.7528659071388999
65235-63-4,1.0743381820263864
3862-73-5,0.4630232979480262
6609-39-8,-1.2324222653910315
89426-94-8,-1.654432370508407
14689-58-8,-1.1139103519257865
89427-11-2,-1.2796901216602725
3401-80-7,0.7046947348586112
4228-89-1,-1.3585697856027008
634-66-2,0.6042098443564118
84487-03-6,0.7370328751294748
1702-17-6,0.6098228053302504
108-31-6,1.1465447234829163
4312-97-4,0.090451832874621
288-32-4,1.374742875919356
3495-42-9,0.41652984062655385
7789-83-5,0.28446907947713496
96-50-4,0.5143065498143363
35317-79-4,0.3710797977383459
1606-76-4,0.44152623963239934
107-22-2,-0.17773163317258034
872-36-6,0.2002210913370156
14150-71-1,-0.5012507978009871
12672-29-6,1.0899042036361788
11126-42-4,0.42618028439192357
536-08-3,1.0682811509924939
1336-36-3,0.9710813262909324
10331-57-4,0.8083801050574442
97-18-7,0.5780403548949884
1746-01-6,-1.7624596605481866
618-83-7,1.3018071004774132
22326-31-4,1.6241314804974323
134880-74-3,-0.4157395806048867
121-81-3,0.49249385258519296
2905-62-6,0.9574361281193874
368-53-6,1.0179780138975527
99-35-4,-0.4515773130473263
108-73-6,0.6776375577938321
108-70-3,0.686488030479438
2277-92-1,0.32386764850638805
57117-31-4,0.20819821994077126
40321-76-4,-2.357338277745138
58-94-6,0.7476600536355127
56961-25-2,1.1050618866566295
609-99-4,0.4446668706892414
2789-92-6,1.2031958846813566
120068-37-3,-0.27766804607537066
120068-36-2,-0.025846847753835944
609-20-1,0.8452078155707394
6609-38-7,-1.2412240559835732
6609-37-6,-1.31743981755726
3671-18-9,-1.1946647280861247
89426-93-7,-1.624156785051348
89426-98-2,-1.4593671951668479
89426-95-9,-1.6147541057496664
4228-88-0,-1.3721149320358217
89426-99-3,-1.3340001689059313
89427-01-0,-1.1706667509997182
89427-00-9,-1.0738034786780002
88-89-1,-0.18757928746029362
4515-30-4,0.6854260826988773
1817-73-8,0.38165925558483327
5388-62-5,0.5978970160379471
120-97-8,0.9539462281682344
634-93-5,0.6978252272189307
88-06-2,0.25474395663537686
634-90-2,0.6730216080296721
89-32-7,0.3077466654084051
20103-09-7,0.6811028968611277
6627-34-5,0.9336857295801787
2338-24-1,-1.2940663355989979
6609-40-1,-1.2150586929053298
89426-96-0,-1.7497929982679015
2338-25-2,-1.4842961749619716
39215-09-3,-1.43604755657138
5285-41-6,0.5612010791160155
1750-46-5,0.7123969595638455
64037-08-7,0.5743993269195982
327-92-4,0.272081484073194
39227-28-6,-2.6087787494680725
19408-74-3,-2.7013609329083947
95-94-3,0.6314964389960694
2578-45-2,0.22036716526992794
15878-00-9,0.5993402726753759
89427-25-8,-1.503690808634544
6609-42-3,-1.4800980894153568
89457-11-4,-1.7270351709701854
6609-43-4,-1.4733753159624037
24994-55-6,-1.2379668626900293
19690-31-4,-1.384855825031145
2338-27-4,-1.659333154350141
53615-22-8,-1.6645037717762574
89427-17-8,-1.677865000778819
27811-88-7,0.23319056328838783
36117-76-7,-0.2339630774880378
50995-94-3,0.3966438264173996
35822-46-9,-3.0206788733884413
89427-15-6,-1.9864904687096385
363-72-4,-0.17245083047504028
3393-59-7,-1.6553573517104754
1982-55-4,0.031215653950084965
8003-46-1,0.12790502685239447
58-90-2,-0.04527351751618025
608-93-5,0.585068109645045
6515-38-4,0.24478932578213253
24598-73-0,1.5078591239182684
31876-38-7,0.7153319726445359
3034-38-6,0.489483032627274
452-06-2,0.3936032996896687
2308-57-8,0.9439251455860367
2380-63-4,0.439311584797327
13230-99-4,1.4177283045879983
1970-40-7,0.2559809483385299
87-56-9,0.7016312461499143
75-87-6,0.45194012607501766
75-12-7,1.5154904686988608
288-88-0,0.22382659882273415
73-24-5,0.10874871773002326
13231-00-0,0.9224890981857143
61-82-5,1.2393375925532446
4005-51-0,0.4627489547806869
64-18-6,1.0618048409819743
1071-98-3,-1.2063034039747356
3018-12-0,-0.048701820349789204
670-54-2,0.7990002205219335
1897-45-6,0.24554841602757949
16212-28-5,-0.22259083505680222
13063-43-9,-0.3138556720434166
376-53-4,0.4017007880712675
75-15-0,1.6213860577570545
3212-26-8,-2.151813770995882
1024-57-3,0.02643933096229134
39765-80-5,0.2598561592830624
3447-87-8,-0.883292812356858
27304-13-8,-1.577317847327791
297-78-9,-0.5692451000632607
14788-97-7,-0.0015130629339795698
2418-14-6,1.1135785270798233
79-34-5,0.7042440454713854
77439-76-0,0.8904506462524385
4124-30-5,0.4267299006489138
76840-12-5,0.5326824896531174
1768-31-6,0.5692495341056028
2156-56-1,0.5022717597337445
39801-14-4,-0.35485954954748733
302-17-0,1.3871044094851783
26675-46-7,1.2537667559950614
13838-16-9,0.8642354469979584
376-72-7,0.8624479538725941
1546-95-8,0.7052424220711678
76-21-1,0.14502221694468975
354-15-4,0.48035498898924633
151-67-7,1.8655254453522936
31335-41-8,-0.12120663796581266
67-66-3,1.0033794957892788
75-27-4,0.523373277075705
3268-87-9,-2.311107317460122
2227-17-0,0.6431502610409189
89427-41-8,-1.3722021773098243
14863-50-4,-1.3506017474119778
4205-98-5,-1.6466755621343925
2355-43-3,-1.9215164994423368
89427-27-0,-2.0754748077348735
89427-26-9,-2.0223348860175903
18225-94-0,-1.872836458131717
89427-32-7,-1.9403049403626036
89427-44-1,-1.312469122864592
2338-29-6,-1.6723800737894052
4228-93-7,-1.8535637622484504
3470-17-5,0.8779791915902757
82-68-8,0.19063031066661829
87-86-5,-0.16878018178127263
18964-31-3,0.281688954311634
118-74-1,0.57223720305234
76840-13-6,0.564347519536763
1134-04-9,0.36444985016967135
2176-62-7,0.003509622918508093
15743-13-2,-0.02604441723749429
67403-00-3,0.14802701665217288
6012-97-1,1.087511086206185
87-68-3,0.8146675723192804
3424-05-3,-0.14054801705888198
2514-52-5,0.48964309733496414
50-71-5,1.4817671090301068
706-79-6,0.16009373586764875
66257-53-2,1.852259376719465
7682-38-4,0.4035317898465349
127-18-4,-0.3542646664389538
6984-99-2,0.23483096456574515
79-52-7,0.4197373197608112
116-16-5,-0.10544063678777926
335-76-2,-0.09637544926946273
3825-26-1,0.032742339978960366
3794-64-7,0.6745480639406741
76-05-1,0.7144383833985226
650-51-1,0.5662447959577932
76-02-8,0.5267544937536294
108-78-1,0.38533902471717574
541-53-7,-0.1191598067065629
57-13-6,2.3183869787256333
556-88-7,1.3725034531764138
1758-73-2,2.1275821990655706
127-07-1,1.8863914780258964
79-19-6,-1.0144944422531834
6846-35-1,0.13183041840499832
2893-78-9,1.213050658254757
2428-04-8,0.3580779607429804
108-77-0,1.151275693159978
51580-86-0,0.7722812028852787
87-90-1,0.6104443999358817
463-71-8,0.0049356577002857005
2385-85-5,-0.11182271234807506
29457-72-5,-0.6396289508274969
307-35-7,-0.6211242881548756
375-73-5,0.7051758175103222
375-34-8,1.4012230313086507
358-21-4,0.5331999596697241
422-81-1,-0.4565415255770505
76-06-2,0.456842397300257
1493-13-6,0.765360735907552
594-42-3,1.0119364034804157
21351-39-3,1.2630891524049863
821-06-7,-0.17293458725948774
2961-68-4,0.20073718478760616
1689-83-4,0.243266169408474
5348-97-0,0.4651619130855127
107-66-4,0.6687747663624853
36105-20-1,0.3941134315833936
23142-01-0,0.28185460440057364
17243-64-0,0.5462257370572552
10544-63-5,1.2665349826872456
3734-16-5,0.15589035043740518
79241-46-6,0.5013434460895606
80828-32-6,0.46734534421157137
25360-10-5,1.3275014367427453
20769-36-2,0.41609076508154974
50-13-5,0.22325068873463305
113-42-8,-0.2845272991852118
57-09-0,0.35028220727331905
13473-38-6,0.8027981306718198
437-38-7,0.3128998042283184
1209-98-9,0.6948164568671434
3810-80-8,-0.456265339229847
140-89-6,0.5280037389200389
52-53-9,-0.2297287705349217
2430-22-0,1.3491038000713995
68099-86-5,0.39983054999220524
13076-17-0,1.066830367935593
87674-68-8,0.7803908793471639
15932-80-6,1.5209452210080714
72619-34-2,-0.37684939670014006
145-41-5,0.03810631681171983
901-82-6,-0.2776265808510069
14026-03-0,0.5426944746984163
33402-03-8,0.8416920195010161
23239-51-2,0.7196669489563094
69674-66-4,0.21887779331249213
1491-59-4,0.22303745830573796
3818-64-2,0.5897253594210543
127-69-5,1.0850798394926304
33232-39-2,0.4404666516720863
67557-57-7,0.4797217028498355
50-60-2,0.31338511841118677
615-50-9,0.48520182630506015
20405-19-0,0.7408129089360085
41468-25-1,0.8460841078774869
21593-23-7,1.0441548842166333
5697-56-3,-0.043906009405684565
76714-88-0,0.7518975598273842
10563-70-9,0.40951192793721924
69-53-4,1.037094206046558
306-37-6,0.4978435618299203
59-42-7,0.7335151383180305
55-31-2,0.6246406180883954
28213-87-8,-0.2711740299529173
315-80-0,0.4909251525919194
27203-92-5,0.4463618326581752
1229-29-4,0.19323197041250095
60525-15-7,0.2474242218299757
2052-46-2,0.656523266391452
475-81-0,-0.4405064915606367
50-52-2,0.49401931026908674
1982-36-1,-0.14230154469277267
52-26-6,-0.023372017441719684
15686-83-6,0.4080238303688173
4685-14-7,-0.7386475194854759
64-20-0,0.8202226970200602
3818-88-0,0.37297933131519356
125401-92-5,1.578871175717334
34268-69-4,0.7985291999973321
3092-17-9,0.9163392796584745
298-59-9,0.6587461037779242
2302-17-2,0.7085708619973827
51276-47-2,1.330545413684157
3254-89-5,0.6127278042737314
1235-82-1,0.2642749585535107
31770-74-8,0.14993797028587252
28968-09-4,-0.033649753224627155
73954-17-3,0.2531013290031523
19794-93-5,0.1910006805249509
4404-43-7,0.8977869373968665
631-06-1,0.5689901338591685
104821-37-6,-0.04991212618852914
18262-71-0,0.43791758590374547
38260-01-4,1.3224944553334699
85095-76-7,0.2485986255855841
14769-73-4,0.11512157534834544
3736-92-3,0.18700009047574445
3443-15-0,0.5005049274339372
53885-35-1,0.8382896860055977
58001-44-8,1.3397670116338278
4779-94-6,0.9447648534890218
4988-64-1,0.6812900379265703
61-31-4,0.9558598822327359
15307-79-6,0.5883542461971083
5736-15-2,0.22792020150492276
144-49-0,-0.7895889323526105
367-51-1,0.596188793917836
74089-28-4,0.7834104917932021
3926-62-3,0.27931810706269966
132-67-2,1.090519868184928
17804-49-8,1.484874846628468
12002-54-9,0.20977127341401447
13324-20-4,1.1489502524648125
111199-29-2,0.6736465757896309
63868-75-7,-0.00040774226653517154
612-83-9,0.4663799837629268
50594-66-6,0.3254613549718667
1003-40-3,0.5709231485243365
34465-46-8,-2.5587768258956327
25167-83-3,0.027518256550193132
156-62-7,1.0935983339659505
590-28-3,0.7537740287810016
28548-09-6,-1.1197544092812914
2545-60-0,1.090037540424636
10543-95-0,0.2921657132766535
31810-89-6,1.062993191044015
60012-87-5,0.1178239858051413
84-59-3,0.7175646873033166
55916-20-6,-0.5844839425168127
25327-89-3,0.007347100148380914
25637-99-4,0.861671253143062
25713-60-4,-0.6787181898595382
19186-97-1,0.996949055193221
1522-92-5,0.20211627828810919
52907-07-0,0.6834109938062987
21850-44-2,-0.7705241164331174
3194-55-6,1.1407555964556872
20566-35-2,0.10494640589649862
87-84-3,0.7059717316139569
32588-76-4,-0.3067978226805972
32536-52-0,-0.9485133370061711
27858-07-7,0.06057247312807945
61262-53-1,-0.4003331452655723
84852-53-9,0.2554801258447531
13654-09-6,0.39231301536395746
20769-85-1,0.7905329768204471
2302-30-9,-0.5221245090573385
83447-96-5,0.7479558982738466
10397-75-8,1.304353576208237
79770-24-4,0.6485870837166623
31112-62-6,1.7598201877104467
440-58-4,1.5177609223938784
66108-95-0,1.6191979063834248
111453-32-8,1.4529892812100604
35453-19-1,1.5253389628175336
37441-29-5,1.0764894856053915
19774-82-4,1.0652181749550023
68439-50-9,0.47003056231694873
65-29-2,-0.5005288846270903
3319-31-1,2.0336758960321704
56706-10-6,0.09100408577367047
160194-28-5,0.8394160739016729
15180-47-9,1.0077320458468688
35077-00-0,1.185490848246756
752-56-7,0.737114803891413
74758-25-1,0.35418438594634993
154702-15-5,0.9759237599287514
141-94-6,0.44479644367728743
67762-53-2,1.5924498218798295
10254-57-6,0.7602301442281859
53306-54-0,1.9611840094095447
682-01-9,1.6399413418155073
486455-65-6,1.0741681055039773
126-57-8,1.8677016131702662
11138-60-6,1.8561809048711253
78-16-0,1.8425016399407603
295800-70-3,0.40940652772158587
22174-70-5,1.2443802970077724
122-62-3,1.6955880104887935
103-24-2,1.6745004958030232
2915-57-3,1.4985295705685373
84731-70-4,1.2780862799243833
14858-73-2,1.6208951654828876
60012-88-6,0.8991257889899156
6926-73-4,-1.5968517443040722
17980-47-1,1.6594674736397754
35435-21-3,1.1249411941382879
34036-80-1,0.9261632170154119
6104-58-1,0.6385946607936809
24748-23-0,0.6495164157140613
14504-73-5,0.7164091600288449
1421-14-3,0.9840559740708755
2031-67-6,1.7140536959959363
68130-53-0,1.7556849964549484
5343-44-2,1.359229296526848
5831-80-1,1.3742441699704986
29806-73-3,1.6583156948669737
59130-69-7,1.7933044921965156
20954-13-6,0.8394123273925167
102579-43-1,0.6509626645457554
168152-77-0,0.5814841200938321
168152-89-4,0.31002175126523807
60763-41-9,0.8313532029413419
52736-14-8,0.8924101957435064
3862-08-6,0.9368515826599663
80472-88-4,0.7075925063433606
9004-57-3,1.4044407566429093
998-30-1,1.7339180429815093
76524-94-2,0.9211245757513538
2602-34-8,0.840603459954967
1486-39-1,-0.6511522493854145
55881-07-7,1.0180197539482394
2229-55-2,1.6799817535916204
30129-29-4,1.1956038633229422
30129-30-7,1.2704021250339
33820-53-0,0.47751043312979236
5892-41-1,0.6115631362912703
87130-20-9,0.540455511176937
68649-11-6,1.8767415888447743
63990-57-8,0.7920673238689407
5593-20-4,-0.06336538660504742
5534-09-8,0.6616883751326494
10032-15-2,1.5986347479768432
105-82-8,1.4016415127068158
186817-80-1,1.5484877876206495
7452-79-1,1.5651961089850643
82834-16-0,1.1652441705524517
15299-99-7,0.9113177291712347
137658-79-8,0.9316061781522813
7492-66-2,1.282876166950691
50765-73-6,0.005159486030181237
56358-09-9,0.9360755479328182
41611-76-1,0.6487088438446642
243973-20-8,0.41563890168841416
72542-60-0,-0.41182995800491895
79438-83-8,-0.5829144035950635
73512-93-3,-0.12970138625393424
73512-94-4,-0.03049822044461592
688-84-6,1.4901331915489995
29214-60-6,1.4560162406324446
437717-43-6,1.2844877355964894
1187-74-2,1.3446020959624936
56632-42-9,-0.18856109629311657
21673-86-9,0.9986852705107585
107812-70-4,-0.9304930626046357
105435-14-1,0.3159597697936375
75274-20-3,0.9590809340091817
2532-92-5,0.7210796183908608
88-24-4,1.2012337236998878
118134-30-8,0.75888712484645
3006-82-4,1.3554401936465756
42222-50-4,1.977773555386271
919-94-8,1.4170683482079127
82559-96-4,0.6187064676819156
82558-50-7,0.413091834238387
123199-92-8,0.18673212316582144
1986-53-4,0.8618478271485812
19457-00-2,0.4786454857923734
7396-58-9,0.6680559504755165
80472-86-2,0.4817954883684241
54663-47-7,0.5508630702127673
32358-09-1,0.2872099473978845
154-82-5,0.6970653531908578
816-19-3,1.5240663829342171
1120-21-4,1.9252917849331048
112-40-3,2.012769475883556
629-50-5,2.044600169503007
629-59-4,2.0651336884411693
593-45-3,2.114613552097189
112-95-8,2.1257101267410645
3806-34-6,1.072662273062618
2500-88-1,1.8744476121479672
627-83-8,1.8524000937100973
26322-14-5,2.107379590450598
41672-81-5,1.9722380970205493
68153-95-7,1.2260629068621998
53220-22-7,2.007836629684486
3234-85-3,1.8023087191550702
16958-92-2,1.6236442672223936
119-06-2,2.185697376836373
3648-20-2,2.0581995066133416
8007-43-0,1.9852969746560127
629-82-3,1.2479570273369345
64896-70-4,1.5913480299984823
1117-55-1,1.5564576522552196
61788-89-4,1.4211796516995516
540-07-8,1.6331958125159332
2173-56-0,1.6726081832958906
110-36-1,1.6138769969363937
626-82-4,1.726812329714488
14338-82-0,0.5512220104712371
6280-99-5,1.6249044692537842
1770-80-5,0.11423231910774567
1962-75-0,1.5994526055374485
2639-63-6,1.65755503742139
63449-39-8,1.803369387790827
168152-91-8,0.6623179634514362
111757-17-6,0.4690598724420959
19044-88-3,0.33249265937474193
58416-00-5,1.057307086525714
13361-34-7,1.0345655438289216
16397-70-9,0.7304611390428205
6197-30-4,1.0093017228135168
5588-20-5,0.7308387571829483
589-98-0,1.2586042023961332
98532-85-5,0.42005587766408675
106-68-3,1.416427355841838
117827-06-2,0.3714402506117993
2445-76-3,1.5885477345664465
624-54-4,1.647174191579583
61668-40-4,1.3912643891010679
111-61-5,1.5895461475285226
123-29-5,1.4927413086203236
106-30-9,1.5575929076725998
1808-26-0,1.4890103650849682
73310-10-8,1.5853964859987681
3025-30-7,1.3665216003381517
115895-09-5,0.8719483264757178
3249-68-1,1.4673250389507178
61444-38-0,1.5103382329921358
33467-74-2,1.4935526331020363
119798-44-6,1.5134282872563718
381209-09-2,1.1980660047814036
100217-51-4,0.42854863696766615
84-16-2,0.8404844879993136
71953-72-5,0.7779964431329525
533-68-6,0.5222443335845067
105-05-5,1.6307669507717792
124391-91-9,1.2500574746070456
98532-81-1,0.2786837047282081
94108-97-1,1.1909174696125282
24565-13-7,1.0550659056372869
85697-11-6,0.6215152467361013
5351-04-2,0.8871205586712261
92327-36-1,0.6216689517424292
101952-85-6,0.625948152756909
93864-33-6,0.7697282058414451
5486-77-1,0.2414069753224205
54289-46-2,0.5357103351630206
4680-78-8,1.0122904630654967
5141-20-8,1.0405866846742966
3844-45-9,1.0189465729427347
2353-45-9,1.0944660952456606
2452-94-0,0.6990825941619654
141-28-6,1.640692590242268
75274-25-8,0.6468789704619797
72903-27-6,1.3939865324106706
14064-10-9,0.9579621607562462
41438-38-4,0.8682573327749846
23564-06-9,0.19438839646755934
618061-76-0,0.4257788867072315
2781-11-5,0.2560653072765767
1754-49-0,0.03222405781647608
6231-03-4,-0.32051366110397095
14816-20-7,-0.8799913277940432
67883-79-8,1.5203433531250932
5837-78-5,1.4559759437987618
10484-36-3,0.9594540913894243
19089-92-0,1.5152230836987104
16930-93-1,1.3027438059846537
12609-84-6,0.09664791328221678
83905-01-5,0.4722475625461604
14271-02-4,0.1385919587265344
82664-20-8,-0.18144717102675745
11115-82-5,0.6276522801865777
74381-53-6,-0.7284993524528243
88321-09-9,1.1695472466438837
3891-98-3,1.796289091126412
67874-80-0,1.6304146331447729
85785-20-2,0.7100817935685898
161798-03-4,0.9394521689760179
20724-13-4,0.41266601549953624
78113-36-7,0.8011395154289789
68630-75-1,-0.7195666140296493
78-69-3,1.3795597468902487
81335-77-5,0.39549020135276336
72576-80-8,1.905834570842189
90622-57-4,1.901725134083641
29804-22-6,1.7405011889016588
2035-99-6,1.5725202955305038
2198-61-0,1.7228802266398797
109-19-3,1.6774980642258421
539-90-2,1.6001821738135567
137863-20-8,0.4171597941295969
109-15-9,1.6038701067104193
97-87-0,1.6066406598329617
112-11-8,1.46878468743422
68228-18-2,1.1386809306809698
57375-63-0,0.7005028723119916
40910-49-4,1.0987054507882141
141-14-0,1.6029495851166966
69929-16-4,1.3918468984698984
134701-20-5,1.254129321701422
113658-85-8,-0.12078036009086657
40596-80-3,0.8680328425296779
86401-95-8,0.38771748999491346
38285-49-3,1.1113242712379037
54839-24-6,1.5898300316567269
141773-73-1,1.066632646195555
58327-22-3,0.752601544895751
236391-76-7,1.217891669174057
54546-26-8,1.1806152078773224
41767-29-7,-0.11829538650707483
25122-46-7,0.44609784213147013
80474-14-2,0.06541419235169532
33499-14-8,0.8729202485360736
123172-53-2,0.8027048005467683
68141-17-3,1.0480351612164118
1093653-57-6,1.3032190562123476
110-41-8,1.466988922181299
7786-29-0,1.5093493298957483
123-15-9,1.4634970247723724
123-96-6,1.2315373628255828
43201-95-2,1.4892819175668928
142-55-2,1.3734746087175487
139001-49-3,0.5653523495778099
35265-04-4,1.1059318091239563
70700-29-7,0.2863001114876982
106461-41-0,0.15331601130305117
84625-61-6,-0.16695083391678966
83161-22-2,1.4877554061481753
78-86-4,1.9141687800774487
27970-79-2,1.3351189442579867
14417-88-0,0.9907781443180436
59875-04-6,1.43019185349321
138-22-7,1.7048157678685931
53651-69-7,1.6907137765922489
122008-85-9,0.43174694522530577
94876-55-8,0.1967430671944188
7493-57-4,1.043308927386284
59323-76-1,0.986807227826524
1647-12-7,1.1623170218793293
87333-19-5,0.7228356852933793
2556-10-7,1.10171228679182
145040-37-5,0.43452057222276164
54350-48-0,1.0310100972372926
50765-78-1,-0.05104697677877423
461432-25-7,0.7612648754016973
53839-71-7,1.044748282400516
40267-72-9,1.379813911041852
3290-92-4,1.6245156536377898
145650-60-8,1.5283956235780773
84012-64-6,0.8905861224378537
144-39-8,1.1924439647677967
61931-80-4,1.1007928633285389
68480-17-1,1.1032173810262575
1335-46-2,0.9890638933567105
35044-59-8,1.0765945868308577
125055-60-9,0.2838177289280045
88969-41-9,1.3526829453765807
62395-45-3,1.1555106784084568
32766-80-6,1.2962396393513456
125055-73-4,0.5566262876832268
23674-86-4,-0.31826912609246216
1253-28-7,0.8776695247595114
33765-80-9,1.0703103512041423
82875-46-5,0.8541991540877767
82875-43-2,0.8139734213084368
88150-62-3,-0.14955717393643586
75274-15-6,0.934724626526989
75274-19-0,0.6288603720874048
117378-04-8,1.3515632993570907
142-90-5,1.5134731117701232
39670-09-2,1.3202785896455003
112-12-9,1.5518087602710722
2052-15-5,1.6117719727046609
40942-73-2,1.2054823012899814
125055-69-8,0.7263014695371564
125055-71-2,0.7016705241152472
125055-59-6,0.4490739918055563
125055-57-4,0.5745827676386451
125055-55-2,0.5763493629232472
125055-53-0,0.6614626954916237
125055-72-3,0.6950952025905438
98290-92-7,0.19570061316734155
3848-24-6,1.3178190429506738
108427-72-1,0.8632576317803224
168152-83-8,0.40940960713383967
168152-73-6,0.46000011167033067
148504-51-2,0.5722806995220985
629-70-9,1.5566247890565432
112-17-4,1.509736798865614
143-13-5,1.5101291178462901
112-06-1,1.5972519226888684
53042-79-8,1.349622515997245
18871-14-2,1.0874319410619864
57960-19-7,0.9369588186455292
539-88-8,1.5714053300539494
98476-13-2,1.0557112051289606
66505-62-2,0.6088760456732032
3681-71-8,1.5000781215537313
50767-79-8,1.241594198088243
13402-08-9,0.49539029077789076
1522-41-4,0.00906524991912172
75274-18-9,0.9632263076895297
80086-35-7,0.46790757383988846
2082-79-3,1.320353662773142
125643-61-0,1.1297240750703232
5560-69-0,1.1386099454734528
101238-01-1,0.7255603319502116
36306-87-3,1.1741216198774642
51022-71-0,0.380398840414177
112143-82-5,0.45320126697496643
5434-57-1,1.6186345004685485
637-92-3,1.538605386369245
4492-96-0,-0.8005379318108008
50673-09-1,-0.02278676649408562
116337-75-8,0.8785817360145195
16870-37-4,-0.5817010375718537
98532-80-0,0.5503847066519306
2049-95-8,1.4578307902274845
67785-77-7,1.102513189203688
116337-72-5,0.7673238251683718
59703-84-3,1.4084589580219005
2901-13-5,1.1110691853714036
108957-94-4,0.6677993901073336
600-00-0,0.9358297219270487
315-37-7,0.7096779529608805
13609-67-1,0.5080571793715107
51333-22-3,-0.3753590187509115
98519-33-6,0.5296711758292052
7011-83-8,1.150029609573201
70851-61-5,0.9703481346109251
6413-10-1,1.2747985982074583
72391-46-9,0.75101792606495
97780-06-8,0.8141382061690478
123172-48-5,0.6747051477548014
34140-59-5,0.2685657462559572
112-69-6,0.6155813888967265
1120-24-7,0.45950328082503106
7651-02-7,0.8905953945187917
149968-48-9,0.8686636524928972
20954-12-5,0.5912088737648007
82413-20-5,0.3888109256333279
52207-87-1,0.5054391889583134
14433-76-2,1.1474465507375269
64973-73-5,0.5416277982128206
93697-74-6,1.3913882144153193
113702-03-7,0.11491119324367927
113702-01-5,0.07206499176205905
110-25-8,0.9982513353164264
40374-16-1,0.002577265374136606
52053-74-4,0.2865604547555846
123253-05-4,0.641312571145474
80085-38-7,0.5700141931243597
80085-45-6,0.4962696976958779
62893-20-3,1.0184477208095233
80464-16-0,0.9832500836242686
80463-73-6,0.4826672347056756
80464-10-4,0.29435304982442145
129630-19-9,0.5692061244667307
80086-97-1,-0.030950982913499292
3332-27-2,0.7153836032272586
84-36-6,-0.3508373597040406
16415-12-6,1.1665530976877772
7779-41-1,1.0918155915145609
13257-44-8,0.8077781352920983
91-87-2,0.8115681065766427
69788-36-9,0.2833581742752642
64951-26-4,0.24368713669912478
75274-23-6,0.9528938504495758
141776-32-1,1.445444653534301
54473-52-8,0.15134851506570335
30560-27-1,-0.1633544477175254
168152-95-2,0.6713128046978214
112-61-8,1.5733349724973198
111-82-0,1.4733471864450167
106-73-0,1.5767660172388522
24851-98-7,1.0866898665582772
24863-70-5,1.2901895575251712
623-42-7,1.5949154204777933
75274-28-1,0.9071613966956763
75274-29-2,0.6206763150360624
75274-27-0,0.6476061585731646
20723-84-6,0.5027287826977636
104-27-8,1.0753094344152383
536759-91-8,0.2882274394894806
54249-44-4,1.2209851975043016
68274-48-6,1.04987202162028
75274-14-5,0.8593018140491925
75274-16-7,0.9321790567600564
147150-35-4,1.1399110868993576
623-53-0,1.1531845893388333
286938-65-6,0.01844520838033681
63578-18-7,1.0317073580531408
168152-79-2,0.6784112149397653
624-89-5,1.2157427392091102
68855-24-3,1.9136336298924959
55726-47-1,1.048212959831743
112-85-6,1.628000769701082
629-96-9,1.606891929706666
68037-92-3,0.8844580493793488
930-02-9,1.3420311056019285
68987-29-1,1.474277751567549
638-65-3,1.4398606772250864
9004-99-3,1.3817884123499946
106-11-6,1.2468269041110362
99300-62-6,-0.3380681434335593
68955-20-4,1.1083323551522715
19035-79-1,1.4445159230580085
5894-60-0,1.1268142229040157
112-82-3,1.7663619724507127
88599-34-2,1.0419629279561753
88599-70-6,0.7403109846336017
2441-41-0,0.9222074402140125
57-10-3,1.5048444027489714
137-66-6,1.4903522875694373
130365-35-4,-0.4475670983451421
68955-19-1,1.0612065281831273
56677-60-2,1.4890977420493305
124-25-4,1.5326565294897931
20261-38-5,1.0657012462432451
72716-26-8,0.9349882249721372
63233-56-7,0.08970050816102404
544-63-8,1.4666429376748868
59227-89-3,0.8401756545450787
143-15-7,1.5992817666409935
67774-74-7,1.6054040595036347
2146-71-6,1.2256548280204744
112-44-7,1.4359919955582623
113885-32-8,0.887222654634268
68515-73-1,1.0402722961524846
112-29-8,1.4375272822623535
63233-55-6,0.11683340532157815
86960-46-5,1.0754736618023697
99313-47-0,-0.7061625735661403
112-84-5,0.989572308203721
112-91-4,1.1662322985177271
124-19-6,1.5235246784441907
6071-32-5,1.2498313099751859
20190-95-8,1.0454401366143173
112-05-0,1.4907122165825917
111-87-5,1.3785443832056423
1843-05-6,0.886208896804734
111-85-3,1.77357435023528
137-03-1,1.424159716406515
6071-27-8,1.3642015446437292
2435-16-7,1.3567343201308493
713-95-1,1.4213943652029593
1987-50-4,1.0714930315306956
63233-54-5,0.20586193309099465
68155-07-7,1.2375475102349578
52364-72-4,0.8679346623448068
13074-65-2,1.368366062721818
7620-77-1,1.335421021953413
1117-86-8,1.3624134314398728
7237-81-2,1.1287028109040778
629-33-4,1.611253902576781
41424-11-7,0.8726471330412882
147315-50-2,1.1053796177441395
53370-90-4,0.8369800217162608
111-25-1,1.2577298762274116
23433-05-8,1.412024025173436
1766-91-2,0.06826972370616768
76990-85-7,1.2781823316821332
20308-43-4,0.9604544644147249
638-49-3,1.5916115892398077
52364-71-3,0.8413171361154761
557-48-2,1.2165847450954974
23433-04-7,1.4384292739116376
168152-75-8,0.41459991017743303
141645-16-1,0.38868913147407563
138401-24-8,0.09085281606337314
28395-03-1,0.8422269141869722
3470-98-2,1.086464710867451
122-43-0,1.3013378477213688
20954-16-9,0.9053839546936311
7756-96-9,1.1261420341344741
88599-43-3,0.6999760445665376
82989-25-1,0.6362025005108733
2314-09-2,1.0872693873068393
116020-44-1,1.5660310141726268
21531-91-9,1.5508225096391177
698-76-0,1.4818407548581556
105-21-5,1.4397018857925288
151327-12-7,0.47975895636926036
151327-04-7,0.4847519254121408
151327-11-6,0.5066920524499665
151327-07-0,0.7618453549347524
168152-96-3,0.3432555088075852
168152-92-9,0.6239250969502641
168152-72-5,0.5391260516682668
168152-66-7,0.4598917559928304
168152-81-6,0.4001116478978688
168152-80-5,0.7189349797322967
168152-67-8,0.7694585760166446
168152-84-9,0.41210090927565024
168152-76-9,0.3520634219561093
168152-71-4,0.39645944101169645
70735-85-2,0.4091808555911596
63233-46-5,0.35079035389213997
125055-68-7,0.7835050457586843
52709-86-1,0.8729927660125847
142770-42-1,0.2884301388217323
34614-30-7,0.3295490112761579
83395-30-6,0.6213781557706517
918504-27-5,-0.10640279064258495
1262985-23-8,0.0439027397373295
1103234-56-5,0.1348022253787039
540-54-5,1.532586817451302
33467-73-1,1.4641113879015364
42436-07-7,1.2823669667957929
24880-45-3,1.5239300539289553
695-06-7,1.36427688219012
4437-85-8,0.9724918981413226
98519-44-9,0.16246905903680486
98518-99-1,0.3653943981687681
98532-66-2,0.2639001699460271
65-14-5,0.5396668136794573
90-49-3,0.6129659820301927
113614-08-7,0.2881329633449514
1824-58-4,0.6612415099529375
34314-31-3,0.4026119022299842
149979-41-9,0.3357345430235372
168152-88-3,0.45870723917919554
127277-53-6,1.084545053112006
1477-19-6,0.6821441635177569
106006-84-2,1.2051311524336445
17511-60-3,1.0136995110994174
5187-23-5,1.2167311561512943
3047-32-3,1.4465626285293438
66492-51-1,0.6765773798930532
10097-02-6,1.4644463924546036
509-86-4,-0.03201123085179702
61837-66-9,0.40041568823794194
74697-48-6,0.4254638079812263
85697-07-0,0.6988509726549388
71475-35-9,0.6280561714778509
68228-19-3,1.0092184408684075
13147-25-6,0.7975340363426977
70458-96-7,0.8869660791159231
19562-30-2,1.3391675681587447
80472-85-1,0.503746173017082
62899-75-6,0.5848828173633682
78467-49-9,0.2179197502801451
86-28-2,0.9134668337142524
3784-99-4,-0.25542058429385983
1239-45-8,0.04422338825987859
98519-29-0,0.48236706634485566
58567-11-6,1.0605794154401167
10310-32-4,0.3281124808908065
64037-28-1,0.7314830181622128
105-56-6,0.8417055913252498
25059-80-7,0.8149830953374927
119-41-5,0.83592841732453
34580-65-9,0.28518516129256233
63935-38-6,-0.49379974695804085
88599-72-8,0.8068590332469467
18637-00-8,0.707133586075275
92077-78-6,0.7389968566189384
86541-74-4,0.6277538732988897
110221-44-8,-0.05150311494131432
38109-77-2,0.8077280666472619
29177-84-2,0.6786767507891904
454-31-9,0.24005895312317937
34580-75-1,0.3861188507053074
122277-22-9,0.11587152547760715
79660-46-1,0.3825630456753899
98349-25-8,0.9587716786545681
16078-71-0,0.9200679354183263
142891-20-1,0.5562662163050026
24237-54-5,0.5715782193039944
75274-22-5,0.9962724999272919
74531-87-6,0.4663780046728062
103112-35-2,0.7933886923673833
383-63-1,0.8375770486071956
515-84-4,0.8144934122248209
139481-59-7,0.4382629828356678
79794-75-5,0.28689275088823624
110-77-0,0.9229060104339825
181587-01-9,0.38373544359164513
102251-91-2,-0.21209120941118698
1733-25-1,1.4872242924419266
7785-33-3,1.7616754247367048
56172-46-4,1.6671242972444698
11141-17-6,-1.1710985275467098
8022-96-6,1.3803497499802568
80-59-1,1.268643769966156
240494-70-6,-0.3746921971908521
7319-16-6,1.67187843520764
623-43-8,1.051914987400217
6842-15-5,1.2887454316680873
33956-49-9,1.2267402613647649
15220-87-8,0.9557547025734964
78919-13-8,-0.10522137699745171
126-13-6,1.1244041014120008
26305-03-3,0.28214721495771267
111-01-3,1.937802815181601
72559-06-9,-1.484832887274055
16846-24-5,0.7449943845311293
101043-37-2,-0.9414577528396331
134652-60-1,2.059093836455614
6846-50-0,1.8573559195947702
68937-40-6,1.1707776802177867
126-71-6,1.072303705145198
64532-95-2,1.0247851774063061
2162-73-4,1.3133454966412215
85187-23-1,0.613997317407322
157859-20-6,1.989484406565933
24916-51-6,0.6965482152505981
78164-00-8,-1.158459820946201
16409-46-4,1.4042950931925375
80621-81-4,-0.9107674437328321
3286-46-2,0.7757203372787927
61379-65-5,-1.1185053653006034
4345-03-3,0.3826017593385695
43119-47-7,0.16951976151971115
1406-66-2,0.7152208348283119
84-80-0,0.4909960477355866
21673-83-6,0.9010424827943581
150-86-7,1.2809726764599008
70384-29-1,-0.21638762089454844
505-32-8,1.1508592258204335
41669-30-1,1.948255360798492
26401-35-4,1.5127796271256684
28472-97-1,1.696986920671177
166412-78-8,1.4035013731943085
544-01-4,1.6461325781448775
605-50-5,1.493885655272289
589-59-3,1.51500607838051
53378-52-2,0.560084890978245
68171-33-5,1.5533709440970047
100-18-5,1.8352929004608687
3437-84-1,0.9637711749864323
7491-02-3,1.681378530744423
924-88-9,1.6809737856251057
10552-74-6,1.0630266430254234
3726-36-1,1.8971320635389235
128446-33-3,1.139813806053767
1397-89-3,0.22472021194179403
20780-49-8,1.6698695542931787
58327-21-2,0.7050231100282823
58327-19-8,0.6961837583597098
516-95-0,0.9234861013610571
65242-49-1,1.013105045403939
57-88-5,0.611524817954294
1404-93-9,0.012245924426995236
29886-96-2,0.988448228016045
87239-81-4,1.0867637175198444
106-21-8,1.3528516871231795
203448-76-4,0.5495612613878823
99-82-1,1.7404887576057244
87061-04-9,1.088996114399518
26171-78-8,1.204491991530535
147126-62-3,0.7645555782903178
860035-10-5,0.7536991851072803
50765-83-8,0.045993510546480376
50765-86-1,0.0789491577663719
50765-79-2,-0.04537175238972413
68133-73-3,1.7926402953509033
20724-12-3,0.5972683069155231
30129-27-2,0.5484086404305673
78-35-3,1.2607645964017515
73080-51-0,-0.07043403377212332
121625-72-7,0.42064696377930044
67801-20-1,0.8688044834444588
56105-46-5,1.1677567822671162
94739-29-4,0.06783109439578228
13749-61-6,0.9295077131773789
13706-86-0,1.2688371869935868
56211-40-6,0.9512182621734665
40507-23-1,0.7688400919408087
125055-52-9,0.8122358431612218
19234-20-9,1.6491133872444503
1445870-18-7,1.014817132327127
1222-05-5,1.1496655878174125
57052-04-7,0.27671430376147854
540-84-1,1.297636393196272
76-50-6,1.1929342828145058
127-25-3,1.1570248977989883
144-19-4,1.2279565092756002
49562-28-9,1.0127146342798894
51368-55-9,1.0759301237949381
58327-13-2,0.283049588802889
58327-14-3,0.032088256853074815
58327-12-1,0.7215337576100546
666-84-2,1.070275187826329
53471-69-5,-0.4682844071593588
53003-82-0,-0.6050735231558806
53003-62-6,-0.376903264982539
86408-72-2,1.5430708062443754
512-04-9,-0.18713513011364302
114311-32-9,0.6091796973949934
69915-62-4,1.1752805859018989
116666-63-8,-0.8852173029890582
14759-05-8,0.503004096883531
97699-69-9,0.2662585826100527
30560-28-2,-0.10670678595535077
145071-49-4,0.20498330667862008
149877-41-8,0.4151934497711398
97886-45-8,0.8392359237085878
27458-93-1,1.4998589631820494
30399-84-9,1.4117769807930007
68784-12-3,1.1705972983100656
68526-86-3,1.340060474184079
72162-46-0,0.436315422031612
64354-92-3,0.9997022575104517
71902-23-3,0.9849010364196488
29590-42-9,1.344807265178662
11071-47-9,1.7679351670935146
830322-14-0,1.4524542099929976
56011-02-0,1.1498909122130532
7779-65-9,1.4460788348942506
91040-96-9,0.5797442135149966
103-38-8,1.2766863087206313
102-13-6,1.256465476091191
86553-26-6,0.7139825461171319
18169-57-8,0.6886694555215619
696-29-7,1.7115493783025957
14845-08-0,0.5215442355392391
72-18-4,1.3254805856639322
16652-76-9,0.7582199054777454
28770-01-6,0.9497545963987359
15763-76-5,1.0858846817148793
91040-95-8,0.6206913689756473
37389-71-2,0.41788195097675296
103-60-6,1.1557832647635262
103-59-3,1.17777711020582
97817-39-5,0.4468185378832197
99300-63-7,-0.6875787351630163
89703-10-6,0.34571604668850664
22235-81-0,0.4307468347157746
3423-28-7,1.0465070083256944
98519-41-6,0.43475277665684353
66332-96-5,0.710807222589082
35212-22-7,0.5088322342446081
7780-06-5,1.2974206828621537
88599-41-1,0.5446204729845632
88599-42-2,0.28986154808104714
83395-31-7,0.5919830659403095
298692-41-8,0.652406697841614
46355-07-1,0.03108069620930587
75-33-2,1.8821356912254772
141396-28-3,0.5325238818509292
110871-86-8,0.8139290343746046
3048-76-8,0.8659066477644858
849-55-8,0.5774835065772582
84985-34-2,0.6269500974332628
513-85-9,1.7851531274995818
98532-74-2,0.3634592651335668
98519-01-8,0.23857620401390878
23477-98-7,0.13142099437242938
62563-80-8,1.1858731670153202
4433-36-7,1.6290965740562555
72869-86-4,0.6281165841923374
70172-00-8,0.8268698779247944
71-58-9,0.972438093602557
33564-31-7,-0.32274903587705306
51155-15-8,0.9042124620259588
7492-67-3,1.3355287048746685
139-70-8,1.3996302204018662
2436-90-0,1.7951979447981727
141-11-7,1.508973496224892
143692-53-9,-0.0498935269560461
161599-46-8,0.9861103538394957
53-36-1,0.1863067424650171
64544-07-6,1.2520376200305556
10486-14-3,1.2128835176713306
7764-50-3,1.2173050690761809
66309-83-9,1.1074462976866661
5726-19-2,1.3186316693992077
74258-86-9,0.5540524898906756
2114-33-2,1.290749144757653
13740-38-0,0.7974924690719737
17560-51-9,0.5610199604688881
207574-76-3,0.35009432229342835
4390-04-9,1.3069604735546159
13475-82-6,1.1242870202048256
58327-15-4,0.8141077591545975
1392325-86-8,0.8820096354863481
365411-50-3,0.8200106234995264
34396-03-7,1.0585895444318636
3452-97-9,1.0448579342066457
18379-25-4,0.872443742958117
55721-11-4,-1.6963591418924917
29597-36-2,0.15695165746972917
58327-09-6,0.3682011652585404
17564-84-0,0.7415304157099565
58327-10-9,0.8579415602787906
17564-81-7,0.08691734896400782
58327-07-4,0.7379291612125732
118-56-9,0.9712490798305277
107-74-4,1.4863866610807899
107-75-5,1.6040393964980715
498-81-7,1.1366526651360682
28231-03-0,1.1843723954436118
103079-06-7,1.3140299540730216
14605-22-2,0.3258306161567993
89232-83-7,0.8230583918961817
83-43-2,0.46958706020462776
50-02-2,-0.0925610483287187
466-11-5,-0.046908494771113474
56390-16-0,0.0965941442915833
955-48-6,0.6434186946475323
11011-72-6,1.198401792927118
22791-22-6,-0.255046372482834
1174627-68-9,1.2956059558632123
564-25-0,0.5076494303225341
74859-39-5,0.460470945243806
74859-37-3,0.4498649067008723
123172-57-6,0.6861542498382022
123172-63-4,0.7613358992803267
123172-50-9,0.6895949005667755
123172-52-1,0.5693423485642236
123172-54-3,0.3025284058757299
126-07-8,0.5753931657490037
74149-72-7,0.41161426747799457
18910-65-1,0.8083535142085799
115960-14-0,0.9273506023271513
547-64-8,1.6275742604464858
82697-75-4,0.3856891317280564
82697-74-3,0.39315105121515737
13749-94-5,-0.31553085448375207
1141487-54-8,1.3321234789470258
2163-42-0,1.6162074699301545
118562-73-5,1.3075679398219304
16251-77-7,1.3072891151196013
79547-78-7,-0.9095480590764757
1266664-66-7,0.7805684630883927
141543-65-9,1.110402696652899
1129-42-6,1.4515322944032445
98730-04-2,0.6866417654242374
928-40-5,1.6554107511195935
127-00-4,0.5308718897891657
96-47-9,1.4492742659561038
17924-92-4,0.3025130828464065
26735-66-0,0.8166799743239105
95737-68-1,0.7177354414176481
24143-17-7,0.5340164773056602
98519-24-5,0.3016415877503794
42872-30-0,0.6893187073952618
42872-29-7,0.8423039606214983
78587-05-0,0.3591786759819733
61276-16-2,0.8063316297700276
26016-98-8,1.208650694914998
67358-82-1,0.043255971922381065
877399-00-3,0.6114635733918725
123172-49-6,0.6764096579041731
69806-34-4,0.49396185465730025
101-10-0,0.7098075730551423
72324-18-6,0.35906081780863475
94149-41-4,0.18218369147822955
72322-15-7,0.687935633781201
107220-28-0,0.8379789585591185
303-97-9,1.9759059681767135
158792-23-5,0.5024449362315099
50765-82-7,0.22036666298400076
50765-97-4,0.07407300075219769
139189-30-3,0.9509738140348665
126-14-7,1.9557029869014166
51-77-4,2.174305407598558
40601-76-1,0.49814714563401774
7235-40-7,0.9873215530352857
50765-81-6,0.0921800287926523
162881-26-7,0.6650640918094497
116-75-6,0.6275592852199413
121-06-2,0.8977973829070143
5280-80-8,0.34290906982290836
23960-07-8,1.591571900702569
50765-77-0,0.0291392696447903
49575-13-5,0.3470218310130671
42012-90-8,0.3125540230900814
64506-49-6,0.7865298240467683
495-62-5,1.1844901431141783
24304-50-5,1.103986804605991
4948-15-6,0.8299864915634068
26567-10-2,0.6324470262323428
68259-05-2,0.5417748615080545
79665-24-0,0.4987826390391247
21697-42-7,1.1931326570946301
68922-23-6,1.0405691610368817
161050-58-4,0.5252763701517138
283594-90-1,1.0239389195124322
145-39-1,0.4098966700925031
81-14-1,0.29863566022956634
7212-44-4,1.1614671414067845
97322-87-7,-0.217562367586561
58652-20-3,0.9909477185566562
2655-15-4,0.07216403948422623
3618-72-2,0.6391064677744301
18794-84-8,1.1594909215191644
65405-73-4,1.3386745524221797
105-86-2,1.5063134215649066
102-22-7,1.4077112923115591
94-48-4,1.3770197248627185
41131-65-1,0.7982739150132747
669005-94-1,-0.02659360038100056
487-68-3,1.375370245513066
75980-60-8,0.13817296944534685
90992-25-9,0.544840782874541
25586-42-9,0.41108008993272616
101708-05-8,0.8491493853439069
53780-34-0,0.6238603816830204
80693-00-1,0.6345687081221789
36443-68-2,1.1980063191377324
7756-94-7,1.0419291074397923
68411-46-1,0.3866814453193877
30392-41-7,0.6839873762947142
1879-09-0,0.7425547466326494
81-15-2,-0.08829347114558705
2205-73-4,0.8405306559512985
6090-15-9,1.4081315463638944
30764-80-8,0.6345999662561821
41414-75-9,0.76860824914439
60763-44-2,1.2537023735379704
7143-69-3,0.9922404365204978
126-64-7,1.071983822408296
149961-52-4,0.615302309463468
2179-25-1,-0.24694347596821986
137521-49-4,0.707552088165436
137521-48-3,0.7109805301143602
79006-83-0,0.056454369280289685
87767-36-0,-0.19117169366350373
50765-71-4,-0.22011147316358282
123252-97-1,-0.18610638325200124
96-88-8,0.45642390976969627
220899-03-6,0.7138576337437373
68516-73-4,1.1147744058254725
72705-22-7,0.9463859265956557
41295-28-7,0.9600502431889247
74222-97-2,0.9171221520065604
86604-75-3,0.6502155475350165
133908-64-2,-0.2195407347391769
105951-93-7,-0.10050599795766135
14763-62-3,1.1890166375701945
123-35-3,1.5399262989745144
23444-65-7,0.18270333325039934
50765-76-9,-0.05037977241001479
50765-74-7,-0.05477245853664425
3748-13-8,1.2728329172487958
21282-97-3,1.08583721231328
8028-48-6,1.011808440073097
10291-28-8,0.6095995476648243
232938-43-1,0.9213933400345813
980-26-7,0.30933825223983474
4403-90-1,1.511626204855587
4066-02-8,0.871727651055276
17667-23-1,0.676076900089229
37027-12-6,1.0042878417397263
37027-11-5,0.9367061340638835
120-34-3,1.070434485219022
83-88-5,0.31535910130703015
3416-26-0,-0.0799756143714424
57021-61-1,0.7490297089398644
91-97-4,1.3572651887714389
4548-53-2,1.652812965867419
30544-71-9,0.5914035032773589
21554-20-1,1.0278349656725736
119462-56-5,0.7953345234237437
20404-97-1,0.593558708288566
144651-06-9,1.56035909101985
129423-54-7,1.5903651005847534
65089-17-0,0.615937097778513
25321-41-9,1.5849942032165698
84596-57-6,0.1941134237272102
302964-08-5,0.6450021388576972
3476-88-8,0.43465193485807935
3520-72-7,0.7288274988807046
73840-48-9,0.9692081971742071
74037-55-1,1.2956882757102348
168152-68-9,0.6364067905532884
729-99-7,1.3825630804553763
56619-72-8,1.2213174977073589
39864-15-8,1.5989799562834799
642-83-1,1.5168962796236587
2624-43-3,0.9136936949630278
32509-66-3,0.2536873566553286
6277-14-1,0.7618095848361992
40374-15-0,-0.5560328274179316
116-66-5,0.020255105799432793
80024-58-4,0.47166697710476313
117467-28-4,0.9480951683807743
125055-56-3,0.38414667097880617
88-60-8,0.8138292187450529
3896-11-5,1.1135404166736789
22791-33-9,-0.46170964350404864
272451-65-7,-0.16350165724854093
69103-20-4,1.1255792525105321
70174-49-1,0.47823491444527444
4501-58-0,1.2884996673917137
28175-97-5,1.2186424536031781
59-53-0,1.228821483195199
40374-20-7,-0.26852395233503035
22791-34-0,-0.22977962345711644
152-62-5,0.6093127475685727
1164-92-7,0.9035959839574369
119302-24-8,-0.23578370644585855
34184-82-2,0.5713254521403937
514-36-3,-0.3923270467219251
77017-20-0,0.3274289682736692
51022-69-6,-1.375621038840948
82875-39-6,0.897352503847021
137521-50-7,0.7754817775823261
137521-61-0,0.5003442835663583
137521-60-9,0.7737821932331554
82875-45-4,0.9247728140775399
82875-42-1,0.8424354474594127
13687-28-0,-0.2554262898469353
500008-45-7,0.5540524972671588
137521-58-5,0.6936305434352921
137521-53-0,0.6265044993690284
137521-52-9,0.5881893138760258
137521-57-4,0.5028822690801575
137521-56-3,0.43717269811712667
137521-54-1,0.42644973677716047
54903-57-0,0.9443158127165795
17526-94-2,0.4382418277292788
57614-25-2,0.6850907344153392
102410-37-7,0.43511701595527696
88149-59-1,0.4202025778925642
365400-11-9,0.3407087183183162
86135-39-9,-0.3299631163846426
80087-26-9,-0.08902777158961561
98124-05-1,0.515411541108287
2398-96-1,0.5362381198828636
34552-84-6,0.4491266471719795
116337-71-4,0.8879471918064067
40373-39-5,0.000630533207254147
40374-17-2,-0.11077656706700789
80086-85-7,0.25678542910028057
5039-78-1,0.3873355287586234
12225-18-2,0.9370276622858565
10605-03-5,0.26758255614495474
86135-92-4,-0.3319117484823033
82230-53-3,0.30500914927246753
143390-89-0,0.6627594678629998
10420-33-4,1.2289850848764496
79277-27-3,0.7883105588946997
104-20-1,1.264262034346507
52793-11-0,0.762607165409851
55232-81-0,0.292273253183651
25956-17-6,1.7146932074587442
68779-00-0,1.3169920136911215
943-88-4,1.1880605075105355
17392-83-5,1.5661711407012504
13515-40-7,0.5675050446640885
82199-12-0,0.4488715823815742
61320-65-8,1.2418218382796584
75511-23-8,0.5480233248180069
82875-41-0,0.782196448278279
67370-00-7,0.21254639126862185
79510-48-8,1.3632017842151183
82097-50-5,0.8084382566409642
64485-93-4,1.4989994410656913
66505-63-3,0.7457884283711566
106904-09-0,1.2599331053345708
763-32-6,1.046062644226042
62599-49-9,1.2383543511546198
3683-12-3,1.1728023974899466
2144-53-8,0.641241982943674
70293-55-9,0.7864230740410499
1637-39-4,0.74337476471998
50370-12-2,1.3705773458375399
119-17-5,1.2295577566264897
33353-01-4,0.11834395468591696
34580-66-0,0.20744043243664234
77054-11-6,0.16251405700680577
134308-13-7,0.4633148986305191
58955-82-1,0.23596998087718257
101-94-0,1.0395342420641542
78-31-9,0.7223125274879787
72051-45-7,0.6220664133385055
78521-39-8,0.891594028380521
123199-94-0,1.0496527492291432
1156-19-0,0.7930872299019511
98519-19-8,0.4214549642804017
88599-49-9,0.8682016826920899
88599-68-2,0.7690865350792904
122277-25-2,0.7083260013417079
956317-36-5,1.1833073997349928
122277-24-1,0.8806606732782636
1435-71-8,0.8811715198470772
125055-80-3,0.8352481550299634
125055-79-0,0.851551597366718
898566-17-1,0.6288728802168284
135-63-7,0.6576912580833766
96-98-0,1.001096760781257
88599-47-7,0.770547699599653
88599-48-8,0.6700382143833672
54935-04-5,0.8999896155735885
74697-60-2,0.3078963298048618
174063-87-7,0.9037810002428269
1084-65-7,0.8461868559452536
130-17-6,1.1491408545385489
88599-69-3,0.7428312971070455
7585-41-3,1.3222827363509655
125055-81-4,0.8219462539811602
101708-02-5,0.19796017610451744
101708-01-4,-0.03272211196701458
98967-40-9,0.5725140155288156
121552-61-2,0.40463471664404144
125055-64-3,0.4750024347232401
125055-63-2,0.5880050271662882
125055-61-0,0.7709851774464851
125055-65-4,0.5606968390897954
125055-67-6,0.5082240795788366
125055-75-6,0.899875715361561
25046-79-1,0.8025313814164572
14745-61-0,-0.37593651762817526
17788-00-0,0.7435685729634252
52603-48-2,1.1566857911350243
75511-25-0,0.7719459627872808
5496-04-8,0.5899754006326636
73855-29-5,1.0979548249830642
168152-87-2,0.5159705130079143
968-81-0,0.8192400480109902
91040-94-7,0.8048578603423233
119851-28-4,0.729374695868922
78484-11-4,0.07601448210077455
104617-50-7,1.1631180148449256
41506-62-1,0.9255714128551478
121-60-8,1.0328439053118461
20262-58-2,1.3769621702200479
24733-81-1,0.538104458389412
5254-41-1,0.7079709065148234
2519-30-4,1.294958877560478
106309-73-3,1.158418808668996
140-40-9,0.9980330803965378
28911-01-5,0.5989228419717907
19219-99-9,0.8357150528474299
25953-19-9,1.1381498383437716
24963-29-9,0.5660675713482112
50816-18-7,1.220782466539803
957-68-6,1.5052175469617295
10519-11-6,1.2299448318845227
36175-10-7,0.660186165166896
55981-09-4,0.8152221571982305
31570-04-4,1.4415426919568228
27676-62-6,0.8257240584126952
23288-49-5,1.63785388444327
85209-91-2,1.7209322900405566
23128-74-7,0.6211341782388036
118-82-1,1.5289097092252806
78-63-7,1.6364435370193324
2212-81-9,1.7504884943535897
73936-91-1,0.8930588533433905
508-02-1,0.5330210129616058
53956-04-0,-0.5445493505013781
127245-22-1,0.4949056165593645
14078-41-2,0.4006447476412449
15520-11-3,0.95170799848593
84632-59-7,0.12370471557475682
7128-64-5,1.930652630915104
53551-74-9,0.5443220368320038
7078-98-0,1.038214140290881
110-05-4,0.8240052543151936
515-03-7,0.6903278780239557
22791-19-1,-0.8653714040964009
81695-89-8,-0.2011451344775368
53152-21-9,-0.7238938261534928
1455-42-1,1.3007727227979995
1568-80-5,0.2812337568754772
110-03-2,1.1246715881412026
83105-70-8,1.9314973159339064
5321-32-4,0.9770918472114098
10081-67-1,0.5291898591847525
70321-86-7,0.3907261768953822
1889-67-4,1.035446248904285
2778-41-8,1.117264737593852
474510-57-1,0.8414047850357417
59118-21-7,0.470539791433619
6790-58-5,1.165780280079824
3093-35-4,-0.7569456657619358
3385-03-3,-0.8350606418413129
67-73-2,-1.0309074091914778
113702-04-8,-0.20222497922480587
88678-67-5,0.5185879709061559
95882-64-7,0.2960113082390462
78628-80-5,-0.060483539640251216
101827-46-7,0.13415491233752652
113702-05-9,0.26619921167504595
78327-32-9,0.34330785585289325
84268-33-7,0.8353653237467679
70356-09-1,0.8161798049516408
5534-95-2,-0.49919194121608124
54423-67-5,1.0952600883566885
100237-68-1,0.4183335599696207
917-92-0,1.9892343326478075
88426-33-9,0.495134084834614
49763-96-4,0.329409653576879
55179-31-2,0.5111579251554692
62965-37-1,0.7669269087267739
90729-43-4,0.09497955729217866
67610-51-9,0.4929666699220787
3101-60-8,1.459953121746659
83373-31-3,-0.08229203312893463
16143-18-3,0.8948449989085665
2522-81-8,1.1546176662485437
3741-80-8,1.5169057031166668
56747-96-7,0.9381727344901808
475-20-7,0.9772666845146618
1139-30-6,0.055851462453671674
521-11-9,1.1698937933922426
72-63-9,1.0175249410517044
117774-38-6,1.2164776561623243
87767-48-4,-0.23660589090749662
28789-80-2,-1.0812784389314234
123253-01-0,-0.21632022428068653
50673-06-8,-0.666996541423422
84-83-3,0.6113696601452431
123172-61-2,0.5202850989514466
116337-62-3,0.6934613796502094
116337-68-9,0.5504353271587489
134605-64-4,0.44319829690365664
154825-97-5,0.892957307112258
6156-18-9,0.7290021417213279
42057-22-7,1.5739261834611717
84170-74-1,0.9189929867177756
98519-15-4,0.53768963218048
98532-76-4,0.5021045311127428
98532-77-5,0.47131561741792694
23588-51-4,1.092589933911778
81-13-0,1.2364609947422958
81129-83-1,0.4376208429108759
131983-72-7,0.47670043246424076
80-04-6,1.3948217782924703
89686-69-1,0.9646832220905044
101007-06-1,-1.439181619944213
79-92-5,1.541612148310028
132-98-9,1.1730240990581757
4800-94-6,1.2932934668191045
32887-01-7,0.9470789667949894
39878-70-1,0.6385342317946876
901-44-0,0.7250746899594478
1745-89-7,0.5363002678965227
19444-21-4,1.17849609607844
116337-60-1,0.6094362180562629
116337-65-6,0.43701441456937956
69047-39-8,1.13681238464818
72558-82-8,0.8473839467690093
22791-26-0,-0.3346415196740984
22791-25-9,-0.20360272646983857
119302-20-4,-0.20615273845705118
103335-54-2,-0.1490301831752524
159325-45-8,0.06892403817841153
13647-35-3,0.03213252202236738
53-43-0,1.1379399239113772
1099-87-2,0.9005288969168124
905-30-6,0.1987722005712822
434-03-7,0.9946001878789621
17230-88-5,-0.05970745310073289
7004-95-7,-0.8734703156153221
976-70-5,0.4898142144684385
32385-11-8,1.1640126193250164
67814-76-0,1.4711814481206833
37106-99-3,-0.17678125425332247
7195-27-9,0.7777952273059259
28861-00-9,0.36074706213148955
72-33-3,0.9934482046565292
18516-18-2,1.5760478593277547
1123-25-7,0.9851387403903951
2890-61-1,0.8363762299806328
4767-03-7,1.5985410120034351
75219-61-3,0.6615803189008598
105426-99-1,0.4042692851289676
75219-46-4,0.3914745462478071
50-27-1,1.0406242528945304
6615-00-5,1.2802847199195275
89786-04-9,1.8397130055491377
24645-14-5,0.21333400590387086
21981-33-9,0.49732645760479144
82203-23-4,0.19428387095668453
27955-94-8,0.6466965497951199
131807-57-3,0.04994962401473735
1717-00-6,0.4080871268902764
15208-16-9,1.5323192708874696
66357-35-5,0.48249980964714634
103628-48-4,0.6560015823310617
140695-21-2,0.6339068907439093
61791-42-2,1.4469595206282289
40137-22-2,1.6887984929541215
100-15-2,0.7106418693313512
5621-86-3,0.858628673891026
54903-59-2,0.7416063565325601
123172-46-3,0.7516068878489952
54903-60-5,0.7192887270225574
63365-44-6,0.9350548546719784
27314-13-2,0.7735276160570762
101155-02-6,0.20778102115983188
96525-23-4,0.41554911190710697
210880-92-5,0.2043886535037439
3567-62-2,0.6811533143979146
22791-23-7,-0.01709824008509131
84597-71-7,0.574384225755031
112881-58-0,-0.17944976738674057
36104-80-0,0.41717354633274156
80464-05-7,0.35970667340567386
5415-44-1,0.38656017652917196
4637-24-5,1.3850604623554488
213464-77-8,0.9490732042563558
120162-55-2,1.4192055230297156
30558-43-1,0.10542777596241992
64037-21-4,0.5363078990531068
34580-68-2,0.2109941933475047
34580-72-8,0.08197486910932394
85273-96-7,0.3088653890121813
10175-31-2,0.4267774321907487
102410-40-2,0.09765729927735456
19986-35-7,-0.11158120407203587
55314-16-4,0.6740214047048467
3963-95-9,0.5706342313463832
1356964-77-6,0.944161826989009
39900-95-3,0.7934919689179107
655-05-0,0.38620868256403995
116979-29-4,0.17547440644804513
6642-31-5,0.980777900228718
5521-31-3,0.9116453770878509
7597-60-6,1.0125125212466062
100706-81-8,0.8522292016901151
120923-37-7,0.6683674934601309
64951-31-1,0.30876379531449616
64951-34-4,0.4257099129685878
64951-33-3,0.5377938735706675
98389-04-9,1.7683696024167779
80463-89-4,0.5775415660304692
874195-61-6,0.6256936559650078
123253-03-2,0.16563703200447777
494799-38-1,0.5519797960856607
88678-31-3,0.1587380912044536
181274-17-9,-0.12959994802662944
123277-35-0,-0.2213848471633939
123253-07-6,0.12287749545817561
75498-96-3,1.125990705968742
74356-00-6,1.7848453441208625
35130-97-3,0.8721806272205012
98565-18-5,0.39053537014187445
26786-32-3,0.40197498231310447
139886-24-1,0.11496208721261625
116979-34-1,0.27084501174430603
116979-31-8,-0.20280974262741758
116979-33-0,0.22591037204949982
116979-30-7,-0.17629839462542674
6903-79-3,1.3423949063091976
69-81-8,0.36382783394256146
153719-38-1,0.8159382529449251
13256-22-9,0.618824002829462
67584-55-8,0.5850417400831379
59756-60-4,0.9700167513891208
63927-73-1,0.9994793866992573
51460-26-5,0.7891072766284795
346-18-9,-0.2115280725230917
135-07-9,0.6265120087741994
1121-07-9,1.3112164221373828
78467-28-4,0.07310961039198138
78467-30-8,0.09352125643600262
78483-93-9,0.22875536019977
123172-56-5,0.7157777360593189
123172-62-3,0.8046842920394952
123172-59-8,0.6109043014575839
37385-92-5,0.873388131569945
54903-63-8,0.5981099590725394
123172-44-1,0.4219820830605223
54903-65-0,0.46571463639077854
5790-90-9,0.6638207107171863
80087-46-3,0.5523962587330006
80463-78-1,0.6064208500679867
80087-19-0,0.1251043750551083
30034-03-8,0.947169962511957
123253-06-5,0.09603452211404284
123253-02-1,-0.9475242923573604
123277-34-9,0.4153182880285572
110528-94-4,0.6697924621360231
106966-25-0,0.5882794639437188
107-43-7,0.8996843034988954
76144-81-5,0.7153226826548975
46830-22-2,0.4921415486358841
54110-25-7,1.0342671174965625
73573-42-9,-0.2550152424203165
1185-55-3,1.7545038264201074
208465-21-8,1.0343934843563358
24050-58-6,0.3010815358654698
144740-53-4,0.6421988158476484
100596-38-1,0.9502376332966941
757-86-8,0.1697822013223017
2530-87-2,1.2712516190252794
18171-19-2,1.0107030579846161
406679-89-8,0.9749481180422724
681-06-1,0.26266027966479044
4431-83-8,1.5574752363251712
117428-22-5,0.9950500761599909
131860-33-8,0.6201771202737321
106-79-6,1.604986483793022
627-93-0,1.6324113079428684
106-65-0,1.4733132176218198
674773-12-7,1.0191760112661439
96719-64-1,0.41575812367494497
93-02-7,1.0899273259991666
74697-34-0,0.0053238695142151515
96719-51-6,0.36898952391127166
30544-68-4,0.8882779350587208
98532-69-5,0.35237663459736346
67990-05-0,1.0926747635902685
100093-45-6,1.0611249846150885
82697-77-6,0.5332551192421388
81840-15-5,0.3496849955819841
4273-92-1,0.8788905104183685
92-72-8,0.8512384499922354
6940-53-0,0.7457460645593561
96719-69-6,0.1542482323771257
77883-43-3,0.555436765591605
2675-77-6,1.0587553527514693
72684-95-8,0.9481796648129456
99283-01-9,1.1343530810097942
104040-78-0,1.071172117714914
199119-58-9,1.0385214787289743
89392-03-0,0.9085882729947585
122548-33-8,1.3903302889889226
633-65-8,0.43533205276769904
6289-46-9,0.9715790207667425
172529-93-0,0.5971528227738812
5292-45-5,0.9148478988989476
3426-43-5,1.2068877701739922
34391-94-1,1.8070502348605717
98518-96-8,0.2162169497876173
126990-35-0,1.257178050422477
6161-78-0,-0.41447128636225683
18936-52-2,-0.32321340000937004
53749-38-5,0.38740084597543156
61718-80-7,0.5270418022484422
81529-71-7,0.5290133139856695
81529-69-3,0.504075211466358
73815-11-9,0.5315485997024132
98519-47-2,0.3197864424906987
98532-70-8,0.27324112895139024
1917-64-2,0.9508123146786653
168152-85-0,0.5047193042489109
42604-12-6,1.0682032031774757
5614-37-9,1.3792727793168353
51762-05-1,1.5404875130950413
25601-41-6,1.2528561223705879
105-34-0,0.7371115310242642
689-09-8,0.6394774905136672
69184-17-4,0.8290312659594761
117337-19-6,-0.15212016390886007
96-32-2,-0.028250227984519927
68844-77-9,0.40576086613032336
102-17-0,1.1355798738519964
60027-80-7,1.0727008045962743
42399-49-5,0.51428982496184
82697-79-8,0.5946108730813258
92-79-5,0.9924551134427981
30544-61-7,0.8646340017489981
104-92-7,0.938833901332184
96719-46-9,0.4926690958889419
96719-67-4,0.1182771353377905
96733-88-9,0.01248440755533986
96719-65-2,0.2601865440582817
96719-62-9,0.3465300307898464
96719-60-7,0.18668319777397946
96719-59-4,0.2202868316021276
96719-54-9,0.3419207346554916
96719-68-5,0.23346246659235137
96719-50-5,0.15778982926391438
96719-49-2,-0.08896582504256467
96719-47-0,0.20895787578900282
93-04-9,1.2386222387102266
138113-08-3,0.803192886227668
1504-74-1,1.192607430090166
10238-21-8,0.6871117369822466
120-35-4,0.9503545668364046
135-62-6,0.8651867704013765
36968-27-1,0.9716614260779277
1229-55-6,0.9580816473434355
57149-07-2,0.4652408690507239
107707-55-1,0.1827504687994217
107707-39-1,0.18189276349676253
128143-10-2,0.2548287055154794
93839-20-4,1.128933174508199
99784-08-4,0.7556688257166748
72956-09-3,0.41048830625467014
374726-62-2,0.5153121440058703
69563-51-5,0.9937415320283509
22839-47-0,0.8616381441056508
5894-79-1,1.162947289222796
484-20-8,0.508698465041328
5956-63-8,-0.23187633036898359
34580-76-2,0.05063950070027623
14192-26-8,0.8990012522316002
83929-47-9,0.9693460992117969
319-24-4,0.7433708996748043
393-85-1,0.3072676925799207
88599-37-5,0.6415578838980228
16298-03-6,1.1351104018561937
26447-85-8,0.5141006763515167
19190-61-5,0.9126614006910729
43210-67-9,0.5850508904996529
145701-23-1,0.4376657812611079
31080-68-9,0.5018782272270286
92823-03-5,1.2733499518535314
33564-30-6,1.119821711341043
361377-29-9,1.4062246918363157
68401-82-1,1.457282258336294
98753-19-6,0.8382049217281993
105239-91-6,0.5108088159582557
32384-65-9,1.0638964859569238
540-97-6,0.34429384807634755
541-02-6,0.5021873327054336
107-51-7,1.0313768236754228
60111-54-8,0.7985669829687175
107-46-0,1.1835016548775004
33204-76-1,0.19152344614852257
75-76-3,0.8692758078016556
388606-32-4,-0.12365934329643125
2554-06-5,0.6196673858936014
1719-58-0,0.46836174665585273
7787-93-1,-0.09741799970405918
5578-42-7,0.6991404353187001
149-74-6,0.582607092395883
1947-37-1,-0.444667277738821
87459-76-5,0.6163511314519895
135158-54-2,0.3037810663500095
68786-66-3,0.17814517793002438
64037-25-8,0.1824650417399063
1115-84-0,1.1090070798672604
67-71-0,0.9218462488748053
247569-56-8,0.46731464604620687
104206-82-8,0.41593191517249495
20945-65-7,0.8923660578150034
335104-84-2,-0.22167228667838745
141112-29-0,0.4159618198111529
3710-30-3,1.6389711849432473
86273-46-3,0.7108489995432764
765-12-8,0.9629701009892196
17351-75-6,1.0851521862906122
112-43-6,1.141034394310021
112-45-8,1.145554799837254
357-08-4,0.2734929817682526
78467-47-7,0.08484696754570598
83395-33-9,0.4062621200300649
105770-83-0,0.550444069293307
91832-40-5,1.4028584839791058
28156-60-7,1.0083100268219276
7446-81-3,0.7086727617846746
34462-96-9,0.23701847517607083
66415-55-2,1.2042591159229978
530-48-3,1.1130235061577087
78467-29-5,0.0767647013618199
103361-09-7,0.3977841269001166
68049-83-2,0.3835731045636052
83395-32-8,0.5916717343172841
109-29-5,1.4127513331157755
106-02-5,1.4020286343062973
80584-91-4,1.4570924799544402
6707-60-4,1.251372406576807
3391-83-1,1.3380249246378604
32539-83-6,1.1327973417288746
505-52-2,1.5052653194368928
111855-65-3,0.7657067456818968
58890-25-8,0.9298600857156849
60012-89-7,0.8026045907586769
73963-72-1,0.1557013231444786
111223-26-8,0.47462109884498005
7381-13-7,1.0062026742594299
23847-08-7,1.1325071628219345
971-15-3,0.804596474305405
2004-62-8,1.0193644989682897
73963-42-5,0.355929674492076
127966-78-3,0.3153150535867434
6334-25-4,1.655050300543972
1531-95-9,1.1891182125344848
76547-98-3,0.5804294102037368
123-99-9,1.650180544415727
6674-22-2,0.20953765926831625
118314-35-5,0.564253725216738
78484-08-9,0.1657401408858561
15894-70-9,0.6154156677451368
34580-70-6,0.18184156161277742
34935-15-4,0.8164394942157526
825-51-4,1.182727865960815
73846-69-2,0.0256839044674525
102601-34-3,1.0780735234335344
10305-41-6,1.4705941420994944
99300-59-1,-0.5459283991544421
78483-88-2,-0.026596947934646176
712-50-5,1.1930144941653569
101-87-1,0.8828956871575897
55232-79-6,0.37018093855661055
55232-76-3,0.5460087652753718
55232-78-5,0.544054643544664
7575-23-7,0.3847215359865649
99189-60-3,0.9220704900186942
60142-95-2,0.8680080315003778
749-02-0,-0.36610197389323806
2123-24-2,1.294888746599871
4985-85-7,1.5029236212079304
82822-14-8,1.1460539528927347
111856-34-9,0.5292413592405494
7365-45-9,1.3824696886137584
4028-32-4,1.6611928609049005
28950-61-0,0.6215427669000895
89667-40-3,0.6780142751881097
78483-90-6,-0.06586894528414589
78467-50-2,0.0325740250324873
66063-05-6,0.7467839088718422
5610-40-2,0.3652669535276098
10329-95-0,0.7045869710952624
1071-93-8,1.2785915245235437
124-04-9,1.7571725028460028
99300-60-4,-0.4789319849400977
1575-61-7,0.49468222744383405
30194-63-9,0.17397437870564825
839-90-7,0.6697244826017379
15446-08-9,0.6761783405568041
90494-79-4,-0.04670225373590642
298-57-7,0.34513979355702373
195252-47-2,-0.47772012026782096
106565-71-3,0.8917755205345114
10329-96-1,0.7679938250281031
97817-06-6,0.7317774152890932
886588-62-1,0.952876596916422
5763-44-0,1.1305996748322937
87429-91-2,0.3217917244737914
1952-96-1,0.20731068851366752
67075-37-0,0.7657001218753421
110311-27-8,0.6477478970619317
61010-04-6,1.3151457375495932
27076-30-8,2.030066044670158
27060-91-9,0.3355920860086474
111687-36-6,1.0762888253322127
99300-58-0,-0.35470872378036233
122-68-9,1.333168707192184
60045-26-3,1.32688408051304
98519-13-2,0.3985176385642716
98519-07-4,0.42302214003666166
98519-00-7,0.3387454093454077
4471-41-4,0.7623418759225191
93981-02-3,0.9128890017054199
36951-85-6,0.05436974956294294
16142-27-1,0.9612067808166284
66508-37-0,1.4440039520600454
15471-17-7,0.3578051290316544
41123-69-7,0.7325298617677067
82578-51-6,0.5552068038749371
76874-96-9,0.6402461699645315
76874-97-0,0.646241008781639
34580-73-9,0.3843577069741241
17095-24-8,0.8500894466860461
4994-16-5,1.2396142544327025
104-53-0,1.2827301292485909
5766-67-6,1.0846985613141351
23996-53-4,0.9809527483539271
73803-48-2,0.5671084579796563
76751-94-5,0.04053382338927103
2955-38-6,1.2263809645687467
18818-61-6,1.2319117448200485
69655-05-6,0.879808523782024
77053-97-5,0.17628473621091323
486460-32-6,0.07250983347515383
915095-94-2,0.52246493762855
121808-62-6,0.8038395672659465
53716-82-8,1.3700176931069632
39391-39-4,1.3977257985947742
915095-87-3,0.49695680954546395
314771-88-5,1.1350159892691605
858956-08-8,0.3270451943116258
51981-21-6,1.1783612825211827
9001-73-4,1.617153662382111
13115-71-4,1.8538074024145033
84611-23-4,0.6219679980631074
58095-31-1,0.7353839737006851
28874-51-3,1.585107300573963
52079-23-9,1.5514983926111925
53878-49-2,0.9751090450682434
621-95-4,0.7607463603837131
736-30-1,0.5586637839776675
137281-39-1,0.6086958870729431
37286-92-3,0.6287569663942627
494-19-9,0.9113454560188294
697235-49-7,1.1638603218737473
128-08-5,0.6154103793748886
16327-90-5,0.546777478082842
114369-43-6,0.7025237012493888
72239-31-7,-0.32852605474399077
54941-79-6,0.4475764507268015
131206-85-4,0.5587671624768832
17471-82-8,0.47981960067849405
100981-43-9,0.11554328491499333
3576-64-5,0.7429326512263875
96719-71-0,0.38287682875439133
96719-43-6,0.7495510938397887
96719-45-8,0.1282937080459986
96892-56-7,0.2596050116149094
138117-50-7,0.8808686424377469
98519-08-5,0.20325199378093028
98519-18-7,0.21071715436741112
98532-65-1,0.19456639228594308
116970-50-4,0.8724539020393237
26957-73-3,0.8026890499076403
80-02-4,0.9642484526793442
2871-01-4,1.1699296014614076
6961-46-2,0.8635278457447346
1320-51-0,2.071892767809935
54941-80-9,0.421980102562135
54941-66-1,-0.3765385614703871
27097-44-5,-0.13561951514869697
54941-67-2,-0.1560329614029412
22036-77-7,1.3445501155545059
84210-62-8,0.4712651530138372
53720-84-6,0.19974178262111097
59277-89-3,1.1196621950874688
20208-21-3,1.121195414122178
3891-07-4,1.0053129592822736
155601-30-2,1.4273740261331909
93-20-9,1.0041644828812928
1562-00-1,1.6907415647432078
104-66-5,1.1290381633125701
28173-59-3,0.7948641288920136
85-40-5,1.123713662205259
97519-39-6,1.2000877763183206
87-29-6,0.9136798270152287
178671-69-7,0.16745014140984027
40018-25-5,0.7467364257705733
777-11-7,0.28160545963909606
281-23-2,1.6632707057432592
32986-56-4,1.6964378657124972
7237-83-4,0.6845681822742712
37248-47-8,1.1765547777410537
203515-86-0,1.0920495671292632
9050-67-3,1.759541435413956
130796-74-6,0.17522627425153536
70-00-8,0.4001287953592929
3148-72-9,1.4635338108756466
77054-16-1,0.2392452850307767
303-31-1,1.0340242620725701
53858-86-9,1.7152937122184677
98519-38-1,0.2604780697238216
98532-72-0,0.32008750192067975
36476-78-5,1.7263178385700257
19130-96-2,1.8243925871576274
134528-32-8,0.5357970209652403
2157-19-9,0.23323932018289362
7089-59-0,0.973675772187008
3369-52-6,-0.4568562821012536
25451-15-4,0.6955561082834124
5255-75-4,1.0035823767128882
15121-11-6,0.4212387289556285
56-89-3,0.7600043790466179
1003859-14-0,-0.2057750605166193
5588-13-6,0.8764425387625048
73151-29-8,0.6796583110231451
86832-68-0,2.072431936924557
37106-97-1,0.9352240859851765
1824-50-6,0.5000116495117848
138-59-0,1.5132588305654953
73-22-3,0.44927147959878677
71-00-1,1.6057735058993439
154-23-4,0.5868419217726984
742-01-8,0.6166537432758534
40691-09-6,0.5185985244270457
56-84-8,1.9367555602925415
106691-40-1,0.6364099726756731
136087-85-9,0.47900089114905475
526-98-7,1.8437135311893496
77181-69-2,0.6729233923393827
5536-17-4,0.8098137398509482
58-63-9,1.074402332065614
31698-14-3,0.5228711162087276
72361-00-3,0.8935484822974189
5550-12-9,1.525987403539087
68-41-7,1.6970785605964656
21700-31-2,0.4107009544620299
5547-29-5,1.4144530769784387
168152-93-0,0.40436896021615726
74860-00-7,0.9765853485134526
168153-00-2,0.4829174744174926
180591-20-2,1.2752829133260932
6386-63-6,0.8568937514306549
538-74-9,0.965501844796405
91-33-8,0.41993201782798867
541-88-8,-0.13952435805202168
13676-54-5,0.4430851250304215
71294-03-6,0.7175906465745889
19719-28-9,0.7978053526880663
553-86-6,0.9907788064120905
120-46-7,0.8741629438996263
85162-11-4,0.8453817594160982
67-52-7,1.4925562475689054
504-17-6,0.6847216570565309
34320-82-6,0.8617500079987918
525-79-1,0.4362002918236655
40718-29-4,0.5344938874448437
71280-74-5,0.017753609159996575
71292-59-6,0.20950697395498508
239110-15-7,0.2577492972067259
54941-81-0,0.9181951033981552
152264-74-9,-0.1837943742717103
152264-48-7,0.3281056794470624
152264-27-2,0.5351633709525995
58579-51-4,0.10031533018314076
51411-04-2,0.6812247698680034
963-39-3,0.7581333502157344
4553-89-3,1.7569606365399855
103-16-2,1.168186717612581
613-62-7,1.0844224331929915
33215-60-0,0.8800454013304811
33215-59-7,0.832250249242455
52010-22-7,1.1671660322553774
116337-58-7,0.5960308537287173
116337-63-4,0.5492755637993361
53994-73-3,1.0960038147725626
100-87-8,1.2027587408474991
64037-18-9,0.2443213150039245
15308-01-7,0.7353461958607578
126-58-9,1.7135126005818728
765-63-9,1.3741498061642885
25155-29-7,1.8538309186144857
17929-34-9,0.631998084759835
149-44-0,1.0963012171369815
57583-54-7,1.0120539935218944
1324-76-1,0.7249003258183133
54299-17-1,0.7089906092436786
131-92-0,0.17687404148184127
135-57-9,0.8987371129308614
13676-91-0,1.024432589347241
597-82-0,0.08758524728667694
52237-03-3,1.1281437636271767
6607-41-6,-0.12580796403502637
3905-19-9,1.1428530600285913
6416-68-8,1.34862688591873
31251-03-3,0.2706995477131875
92-94-4,1.171085259245701
98119-87-0,1.073907572186732
8003-50-7,1.5934458697058909
35869-64-8,0.9699593923020419
5280-78-4,1.1761097314041575
5124-25-4,0.7533860790353127
42797-18-2,0.8528414073729863
52238-92-3,0.10477518361601934
40618-31-3,1.151965690809372
1937-35-5,0.5847294251073344
2583-80-4,1.1574266348622082
107934-68-9,0.36693070389538784
4051-63-2,1.4311569269462021
12237-62-6,0.9094795987621653
724-18-5,0.8959529161009272
54660-00-3,0.3893761614533928
2524-64-3,0.5251087673826067
3861-73-2,1.2656266628609503
17692-24-9,0.48912772756777156
32500-19-9,0.8199867845668346
82211-24-3,0.7434465904863742
3567-69-9,1.6641061991174833
188425-85-6,0.7062516154596097
948-65-2,1.297237572320617
17418-58-5,0.8427932413856466
8003-22-3,-0.432177967750224
6925-69-5,0.88118772679561
51671-14-8,0.8091976473611711
2866-43-5,1.0536834270388773
5766-76-7,0.9770192324678626
136687-74-6,1.2879411293519487
60312-67-6,0.8748721764274079
833-50-1,1.0074445849947011
88599-33-1,1.0971518328674237
60919-11-1,0.3862099626753921
7361-93-5,0.792482318726807
6428-31-5,1.315812295650348
2429-82-5,1.3873225190482634
39557-39-6,0.371476507386657
130-20-1,0.2464095883146979
1047-16-1,0.8893658131436933
33955-44-1,1.4235743909596048
71130-54-6,0.716024031611188
92-69-3,1.0060532208765594
2866-82-2,1.1597873387900965
2784-27-2,0.3972890604369511
275-51-4,0.5343052169664333
15307-93-4,0.8957131473594004
84-65-1,1.2930640361917387
467-69-6,1.2592910178188221
894-86-0,0.8193766796559294
482-89-3,0.5994212102447033
74115-24-5,0.8993816043769323
88599-73-9,1.0123734720783855
88599-51-3,0.8497875982474247
120-78-5,0.939234923876408
80100-23-8,0.7357482401799542
6992-11-6,0.43250666554134043
3564-27-0,1.6513894932898627
945553-94-6,0.3370626619979679
5212-99-7,0.6027550485784774
2611-82-7,1.5857434639530479
83164-33-4,0.4197821502664547
104902-34-3,0.5327702901210352
31684-63-6,0.7738209893109119
53-19-0,0.4524905750649425
64628-44-0,0.4187384889586475
88599-74-0,1.1092325307985291
88599-62-6,1.0136619322534677
27199-40-2,0.753289942813367
86-84-0,1.0710310025476395
74070-46-5,0.7392016802476159
2783-94-0,1.3828725089668494
101463-69-8,-0.15622810685557553
84632-50-8,0.10193716696209054
93839-21-5,1.0995200794376554
60348-77-8,0.5711502204429055
1934-21-0,1.326891532209334
80-07-9,0.5803102176709193
128-69-8,1.1671002975971707
117-79-3,1.3298780261941432
2464-37-1,1.1504440133972977
77-36-1,0.7474176579103189
39062-72-1,0.40296301135983814
88599-64-8,0.956494068380489
108935-06-4,0.8322095967014137
34580-63-7,0.4195076928017397
34580-77-3,-0.03276788911191775
74697-32-8,0.07776582751393402
22199-08-2,1.314231948545484
81-83-4,1.3078260673474065
20749-68-2,-0.6306248023177328
84-89-9,1.4688771961800748
3173-72-6,1.474289232189875
81-64-1,0.9698319325056278
41803-58-1,0.7686570878958041
114833-91-9,0.3995872708149423
623-30-3,0.4818863093956297
1086-02-8,0.30609944440443293
56741-95-8,0.7489503917940251
6685-76-3,0.5730695907516015
7450-69-3,0.27756873669903226
18355-25-4,0.907739426212374
127-52-6,0.44651109829751134
124495-18-7,0.5889370236638749
123172-45-2,0.7470196328684022
64896-26-0,1.6790583909645165
74697-62-4,0.48582791916325174
101-20-2,1.140798036500307
51410-30-1,1.1811301268512382
80100-26-1,0.9137818203651782
36888-99-0,0.2462733961533805
85-41-6,1.2008433648774255
85813-73-6,0.8016086167220513
874819-71-3,0.2462359887046821
3863-80-7,0.6533536410990575
877179-04-9,0.6519733592618834
133-14-2,0.974661345243264
86479-06-3,0.04834481004898317
74738-17-3,0.4969829781333669
1018-71-9,0.6914666244713146
114607-46-4,1.0147550641278613
402-31-3,0.9772288450689706
2420-17-9,0.9439329394855932
123199-93-9,1.0729806246112175
515-49-1,0.5925214041109712
4156-21-2,1.2367872411644198
2493-02-9,0.6999054802713676
41205-21-4,0.6830115570508434
98-66-8,1.1453798879924388
83121-18-0,0.14349978018201248
6361-21-3,0.8644474364613374
183208-35-7,0.32701294767008177
27896-84-0,0.4281338356045523
23651-95-8,1.1663623443072524
2840-28-0,1.2443839731197848
49860-08-4,1.5329410701787403
70-10-0,0.7659349880779336
77668-43-0,0.40442922473402926
14733-77-8,1.1088591329306907
7474-78-4,1.5982150302324278
121-88-0,1.006020717254334
93-84-5,0.6925011217187832
2327-02-8,0.8919196142782976
64037-16-7,0.7539049150169393
3238-40-2,1.0399348039198886
66-22-8,1.767595417246637
5424-01-1,1.684340927775748
38082-89-2,-0.1659147481952712
34893-92-0,1.312021481199988
56962-04-0,0.4065427414818937
79622-59-6,-0.4930809467575732
35041-16-8,0.784638959830587
99-11-6,1.5761739060298896
64037-29-2,1.3858969274673947
5128-28-9,-0.11898872780810565
6331-96-0,1.5874693446492079
1193-24-4,1.350942061620831
1193-21-1,0.4567669704882854
15245-44-0,-0.032136890720879996
150114-71-9,1.206607605504695
2022-85-7,1.0079977119247188
122006-32-0,0.8329774637308496
70701-62-1,0.9099394584023945
9005-38-3,1.5391728360766432
25157-64-6,1.2869964470389015
122005-23-6,0.14227821489244996
94720-90-8,0.9488183083161559
507-55-1,1.7648472762377083
422-56-0,1.6900304031483857
2136-79-0,0.7460224824286443
117-08-8,0.7864160858943547
3583-63-9,0.5433641007102465
344-07-0,0.6805607716113283
3576-88-3,1.1283835231467514
110-21-4,1.8518207031518068
123-77-3,1.1220285541302881
1111-78-0,2.238233192960773
3047-33-4,2.040850119039687
2736-18-7,0.8417024953575708
932-64-9,1.0624610662178573
311-89-7,-1.0140425937643887
754-91-6,-0.45365357970542375
355-42-0,0.916549879051604
375-45-1,1.3386780170727581
382-28-5,0.6284731458450656
2356-53-8,0.9726156605684764
76-11-9,1.1541812515503678
75-71-8,0.9894874520072612
14852-17-6,1.265462149084834
74-82-8,1.9360017924482686
2402-58-6,1.8694901407445679
98519-37-0,0.37763322211249484
41519-23-7,1.5196444653274748
2152-44-5,-0.09915041626771626
26184-62-3,1.3080586184579395
873888-84-7,1.0837518818106566
105-90-8,1.6247096170686572
127-43-5,1.0281805856584056
125055-51-8,0.5294126195016895
98519-32-5,0.3445567167890307
143314-16-3,0.27155737226311605
119637-67-1,0.32745220142599785
26266-57-9,1.264118589974485
191217-81-9,1.1178242499508406
98519-06-3,0.35883655333188025
98519-11-0,0.16570066882811574
98519-31-4,0.3258764540688813
52756-22-6,0.7621128099410485
2345-24-6,1.6106018197079641
81334-34-1,0.28370962459554006
98519-35-8,0.6451513842627862
1695-77-8,0.6595780922988619
98519-26-7,0.22101643780418123
31828-50-9,1.387788910182505
127245-20-9,0.4183099848601666
33494-80-3,0.5253493358319243
26787-78-0,1.3017806691090112
27833-18-7,1.1026383619382605
52093-21-7,1.0744878929631692
31900-04-6,0.9858588940396349
18559-60-9,0.5821115557325685
98519-48-3,0.10651866678353894
98519-28-9,0.3824302962954956
382-26-3,0.5187398136817631
24937-16-4,0.973542184942699
34493-98-6,1.5386574844107215
20846-91-7,1.5366895906684066
25546-65-0,1.609071795134938
29701-07-3,1.7755781923759297
2387-59-9,1.3480988767388198
13007-85-7,1.8362936370359515
59866-21-6,1.439698168655646
133-66-4,0.7263789404054172
